   70 138 
   72 156 
   74 173 
   77 190 
   84 205 
   98 216 
  115 224 
  133 229 
  150 232 
  167 229 
  180 220 
  191 209 
  199 195 
  202 180 
  204 166 
  204 151 
  203 136 
   91 125 
  100 115 
  113 109 
  127 109 
  140 114 
  160 114 
  170 110 
  181 108 
  191 112 
  197 121 
  149 126 
  150 137 
  151 148 
  152 159 
  136 167 
  144 169 
  152 171 
  158 169 
  165 167 
  108 130 
  114 125 
  122 124 
  130 130 
  123 131 
  115 131 
  162 130 
  169 123 
  177 123 
  184 128 
  178 130 
  170 130 
  112 183 
  128 181 
  142 180 
  151 182 
  159 181 
  171 182 
  182 185 
  171 196 
  159 199 
  150 200 
  141 199 
  127 194 
  117 184 
  142 184 
  151 186 
  159 185 
  178 186 
  158 193 
  150 194 
  141 193  