  181 245 
  182 275 
  184 306 
  189 335 
  201 362 
  220 384 
  247 401 
  276 415 
  308 420 
  339 414 
  364 397 
  385 378 
  401 355 
  410 329 
  415 300 
  416 273 
  417 246 
  210 219 
  229 209 
  249 208 
  268 214 
  286 223 
  333 219 
  351 211 
  369 206 
  388 208 
  402 219 
  310 246 
  310 265 
  310 283 
  311 301 
  282 311 
  296 315 
  310 320 
  323 315 
  335 311 
  232 251 
  245 244 
  261 245 
  276 254 
  260 257 
  244 257 
  337 253 
  352 243 
  368 242 
  381 248 
  369 255 
  353 256 
  252 340 
  275 333 
  295 331 
  309 333 
  323 330 
  342 332 
  361 339 
  343 358 
  324 369 
  309 371 
  293 370 
  273 361 
  258 342 
  295 341 
  309 343 
  324 341 
  355 340 
  324 353 
  309 356 
  294 354  