   85 122 
   86 137 
   88 151 
   91 165 
   95 178 
  103 190 
  116 199 
  130 205 
  144 208 
  158 205 
  170 198 
  181 189 
  189 177 
  193 164 
  196 150 
  196 137 
  197 123 
   97 109 
  106 103 
  116 100 
  127 101 
  137 105 
  152 104 
  161 100 
  171 100 
  181 102 
  188 109 
  144 116 
  144 125 
  144 134 
  144 144 
  132 149 
  138 151 
  144 152 
  150 151 
  156 149 
  107 119 
  114 116 
  121 116 
  129 120 
  121 121 
  114 121 
  158 120 
  165 115 
  172 116 
  178 119 
  172 121 
  165 121 
  117 164 
  126 158 
  137 156 
  144 157 
  152 156 
  162 158 
  170 163 
  162 174 
  153 179 
  144 180 
  136 179 
  126 174 
  119 164 
  137 162 
  144 162 
  152 162 
  167 164 
  152 171 
  144 172 
  136 171  