   54  86 
   55  97 
   57 107 
   58 117 
   62 126 
   67 135 
   75 141 
   85 146 
   97 147 
  110 145 
  120 141 
  129 134 
  134 126 
  137 115 
  137 104 
  138  94 
  139  82 
   61  75 
   65  70 
   72  68 
   79  68 
   86  70 
  103  69 
  111  67 
  118  66 
  125  67 
  130  72 
   96  78 
   96  85 
   97  92 
   97  98 
   89 105 
   93 106 
   97 107 
  101 106 
  105 105 
   70  83 
   74  79 
   80  79 
   85  83 
   80  84 
   74  84 
  107  82 
  112  77 
  118  77 
  122  80 
  118  83 
  112  83 
   79 120 
   86 117 
   93 115 
   97 116 
  102 115 
  109 117 
  116 120 
  109 123 
  102 125 
   97 125 
   92 125 
   86 124 
   82 120 
   93 120 
   98 120 
  102 120 
  113 120 
  102 119 
   97 120 
   93 120  