   74 114 
   76 127 
   79 139 
   82 151 
   87 162 
   96 170 
  106 176 
  117 181 
  130 182 
  142 179 
  153 172 
  162 166 
  169 157 
  174 146 
  176 133 
  178 121 
  179 108 
   85 105 
   91  98 
  100  96 
  109  96 
  119  97 
  136  95 
  145  93 
  154  91 
  163  93 
  169  99 
  128 106 
  129 113 
  129 120 
  130 127 
  117 133 
  124 135 
  130 136 
  136 134 
  141 132 
   96 111 
  102 108 
  108 107 
  113 110 
  108 112 
  102 112 
  142 109 
  147 104 
  153 104 
  159 107 
  154 109 
  148 109 
  109 151 
  116 146 
  124 143 
  129 144 
  134 143 
  141 144 
  149 148 
  142 152 
  135 154 
  130 155 
  124 155 
  116 154 
  112 151 
  124 150 
  130 150 
  135 149 
  146 148 
  135 147 
  130 148 
  124 148  