   95 149 
   93 169 
   92 189 
   94 208 
   99 227 
  111 243 
  127 256 
  144 267 
  163 273 
  182 272 
  198 263 
  212 251 
  224 236 
  232 219 
  237 201 
  241 183 
  243 166 
  119 136 
  130 126 
  145 123 
  161 125 
  174 131 
  194 134 
  208 133 
  222 136 
  234 143 
  238 156 
  183 148 
  183 159 
  182 169 
  182 181 
  160 190 
  169 194 
  178 197 
  186 196 
  194 195 
  134 144 
  144 141 
  153 143 
  161 150 
  151 148 
  142 147 
  197 156 
  207 152 
  215 154 
  223 159 
  214 159 
  206 158 
  137 211 
  152 206 
  166 204 
  174 207 
  184 207 
  195 213 
  203 222 
  192 232 
  180 236 
  170 236 
  160 233 
  148 225 
  141 212 
  164 211 
  173 213 
  183 213 
  199 221 
  181 225 
  171 225 
  162 222  