   92 143 
   92 158 
   94 173 
   97 187 
  102 201 
  111 212 
  124 222 
  139 230 
  154 232 
  169 230 
  184 223 
  196 214 
  205 203 
  211 190 
  214 176 
  216 162 
  217 148 
  104 126 
  113 120 
  124 118 
  135 121 
  145 125 
  168 127 
  178 124 
  189 123 
  199 126 
  206 134 
  157 139 
  157 150 
  156 161 
  156 172 
  143 177 
  149 179 
  156 181 
  162 179 
  168 177 
  118 138 
  125 134 
  133 135 
  140 142 
  132 143 
  124 142 
  171 144 
  178 138 
  186 138 
  192 143 
  186 146 
  178 146 
  130 192 
  141 192 
  150 191 
  156 192 
  163 191 
  172 192 
  181 193 
  172 200 
  163 205 
  156 206 
  150 205 
  140 201 
  134 194 
  150 196 
  156 197 
  163 196 
  177 194 
  163 198 
  156 198 
  150 198  