   65 116 
   66 128 
   68 141 
   72 153 
   76 164 
   84 175 
   94 184 
  106 192 
  121 195 
  135 193 
  149 187 
  162 178 
  170 167 
  175 154 
  178 140 
  179 126 
  180 112 
   75 100 
   81  93 
   90  91 
  100  93 
  108  96 
  127  94 
  137  90 
  148  88 
  158  91 
  166  97 
  118 106 
  118 115 
  119 124 
  119 134 
  108 139 
  113 141 
  119 143 
  125 141 
  131 139 
   87 112 
   93 108 
  100 108 
  106 112 
   99 114 
   92 114 
  133 111 
  139 106 
  147 106 
  153 109 
  147 112 
  140 112 
   94 155 
  103 150 
  112 148 
  119 149 
  126 148 
  136 150 
  147 154 
  136 163 
  127 167 
  119 167 
  112 167 
  103 163 
   98 155 
  112 153 
  119 153 
  126 153 
  143 155 
  126 160 
  119 161 
  112 160  