   62 137 
   64 153 
   64 169 
   67 185 
   73 199 
   83 211 
   96 222 
  111 230 
  127 232 
  144 229 
  159 221 
  172 210 
  182 197 
  187 182 
  190 165 
  190 148 
  191 131 
   73 122 
   80 114 
   91 111 
  102 112 
  114 115 
  131 114 
  142 110 
  154 108 
  166 110 
  176 117 
  122 126 
  122 136 
  122 145 
  122 155 
  111 165 
  117 166 
  123 168 
  130 166 
  137 164 
   85 132 
   92 127 
  100 127 
  108 132 
  100 132 
   92 133 
  139 130 
  146 124 
  154 124 
  162 128 
  154 129 
  147 130 
   95 183 
  105 178 
  115 174 
  124 176 
  131 174 
  143 176 
  154 181 
  144 192 
  133 197 
  125 199 
  116 198 
  106 194 
   99 184 
  116 180 
  124 180 
  132 179 
  150 182 
  132 189 
  124 190 
  116 190  