   50 111 
   51 129 
   51 147 
   55 165 
   61 181 
   71 195 
   86 205 
  103 212 
  122 213 
  138 211 
  151 203 
  160 193 
  167 178 
  171 164 
  174 148 
  175 132 
  175 117 
   68 106 
   76  98 
   88  94 
   99  96 
  111 100 
  136 101 
  146  98 
  156  97 
  166 100 
  172 108 
  124 113 
  125 124 
  126 134 
  127 144 
  112 151 
  118 153 
  125 154 
  131 153 
  136 151 
   82 116 
   89 112 
   97 112 
  104 117 
   97 118 
   88 118 
  138 118 
  146 114 
  154 115 
  160 118 
  154 120 
  146 119 
  100 174 
  110 169 
  118 168 
  125 169 
  132 168 
  139 169 
  145 174 
  139 180 
  132 181 
  125 181 
  118 180 
  110 179 
  104 174 
  118 173 
  125 173 
  132 172 
  142 174 
  132 174 
  125 175 
  118 174  