   28  98 
   29 112 
   31 126 
   33 141 
   40 154 
   49 164 
   63 171 
   78 176 
   94 177 
  107 173 
  118 165 
  128 155 
  134 144 
  137 131 
  137 118 
  137 105 
  136  93 
   42  88 
   50  81 
   61  78 
   74  79 
   85  83 
   96  83 
  104  78 
  114  76 
  124  77 
  129  84 
   91  91 
   93  99 
   94 108 
   96 117 
   79 119 
   86 122 
   94 124 
  101 122 
  107 119 
   56  94 
   62  92 
   67  92 
   74  94 
   67  94 
   62  94 
  104  93 
  109  90 
  115  90 
  120  91 
  115  92 
  110  92 
   64 136 
   76 131 
   86 130 
   94 131 
  100 130 
  108 130 
  116 135 
  108 143 
  101 146 
   93 147 
   85 146 
   75 144 
   67 136 
   86 133 
   94 133 
  100 132 
  113 134 
  100 141 
   93 142 
   86 141  