   54  96 
   54 107 
   55 119 
   56 131 
   60 141 
   65 151 
   73 158 
   83 163 
   95 164 
  107 162 
  118 157 
  126 150 
  131 141 
  134 130 
  135 119 
  136 108 
  137  96 
   62  87 
   66  81 
   73  79 
   81  80 
   88  82 
  103  82 
  111  80 
  118  79 
  125  81 
  129  87 
   95  90 
   95  98 
   95 106 
   95 114 
   88 119 
   91 120 
   96 121 
  100 120 
  103 118 
   71  91 
   75  88 
   80  88 
   85  92 
   80  94 
   74  93 
  106  93 
  111  89 
  117  89 
  121  92 
  117  94 
  111  94 
   79 135 
   85 131 
   91 129 
   95 130 
  100 129 
  105 130 
  111 134 
  105 136 
  100 137 
   95 137 
   91 138 
   85 137 
   81 134 
   91 133 
   95 133 
  100 132 
  109 134 
  100 133 
   95 134 
   91 133  