   49 168 
   48 187 
   47 205 
   48 225 
   53 243 
   65 258 
   80 271 
   97 281 
  118 285 
  139 283 
  161 275 
  182 265 
  198 251 
  206 232 
  209 211 
  210 190 
  211 169 
   56 148 
   63 137 
   76 132 
   89 134 
  102 139 
  128 140 
  143 134 
  160 132 
  177 138 
  188 150 
  114 153 
  113 165 
  112 177 
  111 190 
   95 198 
  103 202 
  113 205 
  123 201 
  133 198 
   71 156 
   80 152 
   89 152 
   99 157 
   89 157 
   79 157 
  139 157 
  149 152 
  160 152 
  170 157 
  160 157 
  150 157 
   76 221 
   90 218 
  103 216 
  113 218 
  123 216 
  139 217 
  158 220 
  141 232 
  125 236 
  114 237 
  103 237 
   90 233 
   82 222 
  103 222 
  114 223 
  124 221 
  152 221 
  124 228 
  114 229 
  104 228  