   70 127 
   72 140 
   75 153 
   78 165 
   83 178 
   92 188 
  102 198 
  114 207 
  128 209 
  143 207 
  157 199 
  169 189 
  179 176 
  184 163 
  185 147 
  184 130 
  182 114 
   73 120 
   77 112 
   86 110 
   96 110 
  105 112 
  115 110 
  126 104 
  138 101 
  151 102 
  161 109 
  113 120 
  114 130 
  114 139 
  115 149 
  105 154 
  111 155 
  118 157 
  125 154 
  131 151 
   85 126 
   91 123 
   97 122 
  104 125 
   97 126 
   91 126 
  130 121 
  136 117 
  142 116 
  149 117 
  143 119 
  137 120 
   98 168 
  104 164 
  112 162 
  119 162 
  128 160 
  139 161 
  150 164 
  142 174 
  131 180 
  122 182 
  114 182 
  106 177 
  101 168 
  113 165 
  120 165 
  128 164 
  147 164 
  130 173 
  121 174 
  113 173  