   83 112 
   83 128 
   84 143 
   87 159 
   92 174 
   98 188 
  109 199 
  123 205 
  139 208 
  155 206 
  169 199 
  180 188 
  187 175 
  192 161 
  193 146 
  195 130 
  195 115 
   95  98 
  102  89 
  113  87 
  124  89 
  134  94 
  150  95 
  160  91 
  170  91 
  181  94 
  186 103 
  142 105 
  142 115 
  142 125 
  142 135 
  128 139 
  134 142 
  141 144 
  148 143 
  154 141 
  107 107 
  112 103 
  119 103 
  127 108 
  119 109 
  113 109 
  155 110 
  163 106 
  169 107 
  175 111 
  169 112 
  163 111 
  115 157 
  125 152 
  135 151 
  141 152 
  147 152 
  157 154 
  164 160 
  155 166 
  146 167 
  140 168 
  133 166 
  125 164 
  118 157 
  134 154 
  141 155 
  147 155 
  162 159 
  147 164 
  140 164 
  133 163  