   39  85 
   41  96 
   42 106 
   44 116 
   48 126 
   54 135 
   62 143 
   72 148 
   84 149 
   97 147 
  108 142 
  118 134 
  124 124 
  128 112 
  129 100 
  128  88 
  128  75 
   41  75 
   45  69 
   52  66 
   59  66 
   67  68 
   81  66 
   90  62 
   99  60 
  108  62 
  115  68 
   73  75 
   73  82 
   73  88 
   73  95 
   66 103 
   70 104 
   75 105 
   81 103 
   86 101 
   50  80 
   54  77 
   59  76 
   65  79 
   59  80 
   54  81 
   88  76 
   93  72 
   99  71 
  105  73 
  100  75 
   94  76 
   61 120 
   67 117 
   73 115 
   77 116 
   82 114 
   91 114 
  100 114 
   92 120 
   85 123 
   80 124 
   75 124 
   68 123 
   64 120 
   73 119 
   78 119 
   83 117 
   97 115 
   84 118 
   79 119 
   74 119  