   60 151 
   58 173 
   55 196 
   56 219 
   65 240 
   81 256 
  103 269 
  128 277 
  153 279 
  174 275 
  189 262 
  201 248 
  210 231 
  214 212 
  217 195 
  217 178 
  217 162 
   94 139 
  105 127 
  122 122 
  139 125 
  155 133 
  174 136 
  187 132 
  200 130 
  212 135 
  215 148 
  166 146 
  167 158 
  168 170 
  169 183 
  144 189 
  154 192 
  164 197 
  172 195 
  180 191 
  111 146 
  121 141 
  130 142 
  138 148 
  129 148 
  120 147 
  177 152 
  187 147 
  195 148 
  202 154 
  195 154 
  186 153 
  116 209 
  135 206 
  151 206 
  160 209 
  169 208 
  179 210 
  189 214 
  177 222 
  167 224 
  158 224 
  147 222 
  133 219 
  121 209 
  150 210 
  160 212 
  169 211 
  184 215 
  168 218 
  159 218 
  148 217  