  225 417 
  223 477 
  223 534 
  231 592 
  254 646 
  292 690 
  341 725 
  394 753 
  454 763 
  507 755 
  549 724 
  586 685 
  616 644 
  637 598 
  650 549 
  654 499 
  656 451 
  287 373 
  320 346 
  368 342 
  413 355 
  455 375 
  508 380 
  548 366 
  589 363 
  626 375 
  641 409 
  485 412 
  486 444 
  488 477 
  490 511 
  429 534 
  455 541 
  481 551 
  506 546 
  528 542 
  336 405 
  363 395 
  388 398 
  412 417 
  386 416 
  359 412 
  532 428 
  558 413 
  582 416 
  603 431 
  582 434 
  558 433 
  358 595 
  407 586 
  449 585 
  474 591 
  499 589 
  527 596 
  555 607 
  521 637 
  492 648 
  465 650 
  439 647 
  400 633 
  369 597 
  447 598 
  472 603 
  498 602 
  544 607 
  494 624 
  468 626 
  442 622  