   78 116 
   78 131 
   78 146 
   80 161 
   85 176 
   92 190 
  102 202 
  115 210 
  131 213 
  147 210 
  159 202 
  169 191 
  177 179 
  183 165 
  185 149 
  187 133 
  189 118 
   84 113 
   89 102 
  100  95 
  113  94 
  124  98 
  139  98 
  150  93 
  163  94 
  174 101 
  179 111 
  131 111 
  131 121 
  131 132 
  131 143 
  117 146 
  124 149 
  131 151 
  139 148 
  145 146 
   97 114 
  103 110 
  111 109 
  118 114 
  111 115 
  104 115 
  145 113 
  152 109 
  159 109 
  165 114 
  159 114 
  152 114 
  105 162 
  115 158 
  124 158 
  131 160 
  139 158 
  148 159 
  157 163 
  148 171 
  139 175 
  130 177 
  122 176 
  114 171 
  108 162 
  123 162 
  131 163 
  139 162 
  154 163 
  139 169 
  131 170 
  123 169  