   92 172 
   94 190 
   95 208 
   99 225 
  105 242 
  116 257 
  129 271 
  144 282 
  162 286 
  181 283 
  199 273 
  214 261 
  225 246 
  232 228 
  236 208 
  237 189 
  238 169 
  100 162 
  108 152 
  121 149 
  135 151 
  148 156 
  166 156 
  180 149 
  195 148 
  210 151 
  220 162 
  157 168 
  157 179 
  158 190 
  158 201 
  143 209 
  151 211 
  158 213 
  167 210 
  174 208 
  117 172 
  124 168 
  132 168 
  141 172 
  133 174 
  124 174 
  177 172 
  186 167 
  195 167 
  203 171 
  195 173 
  186 173 
  128 229 
  140 224 
  151 223 
  159 224 
  167 223 
  179 224 
  192 229 
  179 239 
  168 243 
  159 244 
  150 244 
  140 240 
  132 229 
  151 227 
  159 228 
  167 227 
  188 229 
  168 235 
  159 236 
  151 235  