   75 133 
   75 147 
   76 161 
   78 175 
   81 189 
   87 201 
   97 212 
  109 220 
  125 223 
  142 220 
  157 214 
  169 204 
  177 191 
  182 177 
  185 161 
  186 147 
  187 130 
   81 128 
   86 118 
   97 114 
  108 115 
  118 120 
  132 119 
  143 113 
  155 112 
  167 116 
  174 125 
  125 128 
  124 139 
  123 149 
  122 160 
  110 165 
  117 167 
  124 169 
  132 167 
  140 165 
   92 131 
   98 127 
  105 127 
  111 132 
  104 132 
   97 132 
  142 131 
  149 126 
  156 126 
  162 129 
  156 131 
  149 132 
  104 183 
  112 180 
  120 179 
  126 181 
  132 179 
  141 180 
  151 183 
  141 189 
  132 191 
  125 192 
  119 191 
  112 189 
  108 183 
  120 183 
  125 184 
  132 183 
  148 183 
  132 185 
  125 185 
  119 185  