  137 372 
  141 419 
  147 467 
  161 516 
  183 562 
  213 600 
  249 634 
  289 662 
  337 666 
  387 655 
  431 628 
  471 591 
  504 546 
  525 494 
  530 432 
  524 373 
  519 315 
  144 347 
  153 313 
  182 299 
  218 298 
  250 307 
  301 293 
  340 272 
  382 266 
  424 273 
  455 297 
  283 334 
  285 366 
  286 399 
  288 433 
  251 454 
  275 459 
  302 464 
  329 452 
  355 443 
  177 358 
  194 340 
  219 336 
  246 351 
  223 356 
  198 361 
  345 336 
  366 314 
  392 309 
  416 320 
  397 329 
  371 334 
  233 520 
  261 502 
  288 494 
  314 495 
  342 488 
  381 486 
  422 494 
  390 536 
  355 555 
  324 561 
  297 562 
  266 552 
  245 519 
  290 506 
  317 506 
  345 500 
  411 496 
  349 526 
  320 532 
  293 532  