   31 115 
   32 131 
   33 146 
   35 162 
   40 176 
   48 188 
   59 199 
   72 206 
   88 208 
  104 207 
  118 200 
  129 189 
  138 176 
  143 162 
  145 147 
  146 131 
  146 116 
   44 106 
   51 100 
   61  99 
   72 101 
   81 105 
   98 104 
  108 101 
  119 100 
  129 102 
  136 109 
   90 114 
   90 125 
   90 135 
   90 146 
   76 149 
   82 152 
   89 155 
   96 153 
  102 150 
   54 114 
   61 111 
   69 111 
   75 116 
   68 117 
   60 116 
  104 117 
  112 113 
  119 113 
  126 116 
  120 119 
  112 119 
   63 164 
   73 161 
   82 161 
   89 163 
   96 162 
  105 163 
  114 167 
  104 175 
   95 177 
   88 177 
   81 176 
   72 173 
   66 164 
   82 165 
   89 166 
   96 166 
  111 167 
   95 172 
   88 172 
   81 171  