   81 152 
   81 168 
   82 185 
   85 201 
   91 217 
   99 230 
  112 240 
  127 246 
  144 247 
  160 246 
  175 239 
  187 229 
  194 216 
  199 200 
  201 183 
  201 166 
  201 150 
   90 142 
   96 134 
  107 132 
  118 134 
  128 139 
  150 138 
  161 133 
  173 131 
  184 133 
  191 140 
  140 151 
  140 162 
  141 173 
  141 184 
  129 192 
  135 194 
  141 195 
  148 194 
  154 192 
  100 152 
  108 148 
  116 148 
  124 153 
  116 155 
  107 155 
  157 153 
  165 147 
  174 147 
  181 151 
  175 154 
  166 154 
  121 213 
  129 208 
  136 206 
  142 207 
  148 206 
  156 208 
  164 212 
  157 217 
  149 219 
  143 219 
  136 219 
  129 217 
  125 212 
  137 210 
  142 211 
  148 211 
  160 212 
  148 211 
  142 211 
  137 211  