   82 130 
   80 147 
   79 164 
   81 182 
   87 198 
   97 212 
  110 223 
  126 231 
  144 233 
  161 230 
  175 221 
  188 209 
  197 196 
  202 181 
  205 165 
  206 150 
  205 134 
   99 122 
  108 116 
  120 114 
  132 115 
  143 119 
  159 119 
  169 116 
  179 115 
  189 118 
  196 124 
  151 130 
  150 141 
  150 152 
  150 163 
  134 168 
  141 171 
  149 173 
  156 171 
  162 170 
  112 133 
  119 129 
  127 129 
  133 133 
  126 135 
  118 135 
  164 134 
  171 130 
  178 130 
  184 134 
  178 137 
  171 136 
  119 185 
  131 183 
  141 183 
  148 185 
  154 184 
  163 185 
  174 186 
  162 192 
  153 193 
  146 193 
  139 193 
  130 191 
  123 185 
  140 186 
  147 188 
  154 187 
  171 187 
  154 188 
  147 189 
  140 188  