   49 114 
   49 128 
   49 143 
   52 158 
   57 173 
   65 187 
   75 199 
   89 207 
  106 208 
  124 203 
  140 194 
  155 184 
  165 171 
  171 156 
  173 138 
  173 121 
  173 105 
   52  97 
   55  85 
   65  80 
   77  81 
   88  84 
  102  82 
  115  76 
  128  73 
  140  76 
  150  84 
   97  96 
   96 105 
   96 115 
   95 125 
   85 135 
   92 137 
   99 138 
  106 134 
  114 132 
   63 106 
   69 101 
   77 100 
   85 103 
   77 106 
   70 107 
  116  98 
  123  94 
  130  93 
  137  96 
  131  98 
  124  99 
   77 159 
   85 153 
   93 150 
  100 150 
  108 148 
  119 148 
  131 151 
  121 160 
  110 165 
  102 167 
   95 168 
   87 168 
   80 158 
   94 154 
  101 153 
  108 151 
  128 152 
  110 160 
  102 161 
   94 162  