   63 159 
   64 178 
   66 198 
   72 215 
   83 232 
   98 243 
  117 251 
  137 256 
  154 256 
  170 250 
  182 240 
  194 229 
  202 215 
  207 200 
  207 184 
  207 168 
  206 151 
   85 143 
   96 133 
  111 128 
  127 129 
  141 134 
  165 132 
  175 128 
  186 127 
  196 130 
  201 138 
  154 144 
  156 154 
  157 165 
  158 176 
  137 182 
  146 184 
  155 187 
  163 184 
  170 181 
  104 148 
  112 144 
  120 144 
  129 148 
  121 149 
  113 149 
  168 147 
  175 141 
  182 141 
  189 145 
  183 147 
  176 147 
  120 204 
  133 198 
  145 196 
  154 196 
  162 196 
  171 197 
  178 204 
  170 210 
  162 213 
  154 214 
  145 214 
  133 212 
  123 204 
  145 199 
  154 199 
  162 198 
  175 203 
  162 208 
  154 209 
  145 209  