   46 140 
   46 160 
   47 181 
   50 201 
   59 221 
   74 235 
   93 248 
  114 257 
  136 259 
  158 256 
  175 243 
  189 229 
  201 212 
  207 193 
  210 172 
  210 153 
  208 133 
   67 122 
   78 111 
   95 105 
  112 107 
  129 111 
  144 111 
  158 106 
  175 104 
  190 109 
  198 122 
  137 122 
  138 134 
  139 145 
  140 157 
  117 168 
  128 169 
  139 172 
  149 169 
  159 167 
   86 127 
   94 123 
  103 123 
  112 127 
  103 128 
   94 128 
  157 127 
  165 122 
  175 122 
  183 126 
  175 126 
  166 127 
   94 191 
  112 185 
  128 183 
  140 185 
  149 183 
  164 185 
  178 191 
  164 203 
  151 207 
  140 208 
  128 207 
  111 202 
   99 191 
  128 188 
  140 189 
  150 188 
  173 191 
  150 198 
  140 199 
  128 198  