   73 104 
   73 119 
   75 134 
   77 149 
   81 164 
   89 178 
  100 190 
  114 198 
  131 201 
  147 199 
  162 191 
  172 180 
  180 167 
  183 152 
  185 137 
  187 123 
  189 108 
   81  99 
   90  93 
  101  91 
  113  92 
  124  96 
  139  96 
  149  93 
  161  93 
  172  96 
  180 103 
  132 103 
  132 114 
  131 125 
  131 136 
  119 139 
  125 142 
  131 145 
  137 142 
  143 140 
   96 102 
  102 100 
  109 100 
  115 105 
  108 106 
  102 105 
  147 106 
  153 102 
  160 102 
  166 105 
  160 107 
  154 107 
  105 155 
  116 153 
  124 152 
  131 154 
  138 153 
  147 154 
  157 157 
  147 163 
  138 165 
  131 166 
  124 164 
  115 161 
  109 156 
  124 157 
  131 158 
  138 158 
  154 157 
  138 158 
  131 159 
  124 157  