   84 144 
   85 161 
   85 178 
   87 195 
   93 211 
  104 225 
  118 237 
  133 247 
  152 249 
  171 247 
  187 238 
  201 227 
  213 213 
  220 197 
  223 179 
  223 162 
  223 144 
   99 133 
  105 121 
  118 116 
  132 117 
  145 122 
  163 121 
  175 116 
  189 115 
  201 119 
  208 129 
  154 134 
  154 145 
  155 156 
  155 167 
  140 175 
  147 176 
  155 179 
  163 176 
  170 175 
  113 141 
  120 135 
  129 135 
  136 139 
  128 141 
  120 142 
  172 139 
  179 134 
  188 133 
  195 137 
  188 139 
  180 139 
  127 198 
  137 193 
  147 192 
  156 193 
  164 191 
  174 192 
  183 197 
  174 207 
  164 209 
  155 210 
  147 210 
  137 207 
  131 197 
  147 194 
  156 195 
  164 194 
  179 196 
  164 203 
  155 205 
  146 204  