   73 124 
   74 141 
   75 159 
   78 175 
   83 192 
   92 206 
  104 219 
  117 228 
  134 230 
  149 227 
  162 218 
  172 206 
  179 191 
  184 176 
  187 159 
  189 143 
  190 126 
   88 115 
   95 107 
  107 105 
  118 106 
  129 109 
  146 110 
  156 106 
  167 104 
  177 107 
  183 116 
  136 119 
  136 130 
  136 141 
  137 152 
  120 159 
  127 161 
  136 164 
  144 162 
  151 159 
  100 123 
  106 120 
  113 120 
  119 124 
  112 124 
  106 124 
  151 124 
  158 120 
  165 120 
  171 124 
  165 125 
  158 124 
  105 182 
  116 178 
  127 177 
  135 179 
  143 177 
  153 178 
  163 183 
  153 191 
  143 195 
  135 196 
  125 195 
  115 191 
  109 182 
  126 184 
  135 185 
  143 184 
  159 183 
  143 185 
  135 185 
  126 184  