   53 121 
   55 139 
   57 157 
   61 174 
   70 191 
   81 204 
   94 215 
  108 222 
  123 224 
  137 220 
  147 210 
  156 197 
  164 184 
  170 169 
  174 154 
  176 138 
  177 121 
   67 117 
   76 108 
   89 106 
  103 109 
  115 115 
  133 115 
  143 111 
  154 110 
  164 112 
  171 120 
  123 120 
  124 132 
  124 145 
  125 158 
  106 157 
  115 161 
  124 165 
  132 162 
  140 158 
   81 121 
   88 117 
   96 117 
  103 122 
   95 122 
   88 122 
  139 123 
  146 119 
  153 120 
  159 124 
  153 124 
  146 124 
   93 173 
  104 171 
  115 172 
  123 173 
  133 172 
  141 173 
  148 175 
  141 185 
  132 190 
  123 191 
  114 189 
  104 184 
   95 174 
  115 174 
  123 176 
  132 175 
  145 175 
  132 183 
  123 185 
  115 183  