  124 415 
  132 489 
  144 560 
  163 630 
  199 693 
  254 740 
  319 779 
  394 805 
  468 806 
  529 785 
  565 735 
  592 672 
  611 610 
  618 543 
  621 476 
  617 416 
  606 362 
  228 371 
  258 322 
  310 301 
  367 304 
  417 320 
  483 311 
  516 285 
  553 270 
  592 275 
  605 313 
  455 356 
  465 394 
  478 432 
  490 472 
  413 504 
  447 513 
  481 520 
  511 508 
  532 491 
  300 387 
  325 374 
  351 368 
  379 375 
  355 381 
  329 386 
  497 362 
  527 352 
  547 347 
  563 355 
  549 361 
  526 362 
  352 591 
  404 574 
  449 568 
  476 570 
  499 562 
  528 560 
  557 568 
  530 612 
  503 628 
  478 634 
  448 635 
  404 628 
  366 590 
  449 583 
  477 583 
  501 577 
  548 573 
  500 602 
  476 608 
  447 610  