   39  70 
   39  84 
   40  98 
   42 111 
   47 124 
   55 134 
   66 143 
   78 149 
   92 151 
  106 148 
  116 140 
  125 131 
  131 120 
  135 108 
  136  96 
  138  84 
  138  71 
   52  68 
   59  62 
   68  60 
   77  60 
   87  62 
  100  62 
  109  60 
  118  59 
  126  61 
  132  67 
   94  70 
   94  77 
   94  85 
   94  93 
   82  99 
   87 100 
   94 102 
  100 100 
  105  98 
   62  74 
   68  71 
   74  71 
   79  74 
   73  74 
   68  74 
  107  73 
  112  71 
  118  70 
  123  73 
  118  74 
  112  74 
   66 112 
   76 110 
   86 109 
   93 110 
   99 109 
  108 110 
  116 112 
  108 123 
  100 127 
   93 128 
   86 127 
   76 123 
   69 113 
   86 112 
   93 113 
   99 112 
  113 113 
  100 120 
   93 121 
   86 121  