   46 141 
   45 162 
   45 184 
   47 206 
   55 227 
   68 245 
   86 260 
  105 273 
  127 276 
  150 274 
  169 264 
  186 250 
  200 231 
  210 210 
  213 187 
  212 164 
  212 142 
   62 130 
   71 118 
   85 113 
  102 113 
  116 119 
  141 120 
  156 113 
  173 112 
  190 118 
  199 131 
  130 132 
  130 145 
  130 159 
  130 173 
  108 181 
  119 183 
  129 186 
  140 184 
  150 183 
   77 137 
   86 133 
   96 132 
  107 137 
   97 138 
   86 139 
  152 138 
  163 133 
  174 134 
  184 138 
  174 140 
  163 140 
   87 206 
  102 199 
  117 197 
  128 200 
  140 198 
  156 201 
  170 209 
  155 226 
  140 231 
  127 231 
  115 230 
  100 223 
   92 206 
  117 203 
  128 204 
  140 204 
  164 209 
  140 218 
  128 219 
  116 217  