   51 151 
   55 171 
   59 192 
   65 212 
   78 228 
   96 240 
  116 249 
  137 254 
  158 253 
  175 246 
  185 233 
  191 218 
  196 201 
  198 184 
  198 166 
  195 149 
  192 132 
   80 133 
   91 126 
  103 121 
  116 119 
  129 120 
  147 119 
  158 116 
  169 115 
  179 117 
  186 122 
  142 133 
  146 143 
  150 154 
  154 164 
  132 175 
  142 176 
  152 177 
  160 174 
  166 171 
   96 140 
  104 137 
  113 135 
  120 139 
  113 140 
  105 141 
  156 135 
  164 130 
  171 129 
  178 131 
  172 134 
  165 135 
  111 203 
  127 194 
  142 190 
  152 190 
  161 187 
  172 188 
  180 193 
  174 204 
  165 210 
  155 213 
  144 213 
  128 212 
  116 202 
  142 196 
  153 196 
  162 193 
  175 194 
  163 202 
  154 204 
  143 205  