   49 134 
   50 154 
   51 174 
   55 195 
   63 214 
   78 229 
   97 241 
  118 251 
  141 253 
  162 250 
  179 240 
  195 227 
  206 211 
  212 192 
  215 172 
  215 151 
  214 132 
   74 122 
   88 117 
  102 116 
  116 118 
  130 122 
  152 122 
  165 118 
  179 116 
  193 118 
  204 124 
  143 130 
  143 140 
  144 150 
  144 161 
  124 169 
  133 173 
  144 176 
  154 173 
  162 169 
   92 131 
  101 128 
  111 128 
  120 133 
  111 133 
  101 132 
  160 133 
  169 127 
  178 127 
  187 131 
  178 132 
  170 133 
  106 195 
  121 188 
  135 185 
  145 187 
  156 185 
  168 187 
  180 195 
  169 205 
  157 210 
  146 211 
  135 210 
  120 205 
  112 195 
  135 193 
  145 194 
  156 193 
  175 195 
  156 199 
  146 200 
  135 199  