  232 320 
  232 364 
  232 408 
  239 452 
  252 493 
  273 533 
  305 568 
  344 590 
  391 598 
  438 594 
  481 572 
  516 539 
  538 502 
  554 464 
  564 423 
  567 381 
  570 340 
  262 305 
  289 280 
  328 275 
  366 284 
  401 300 
  417 302 
  452 289 
  490 286 
  526 297 
  544 327 
  408 314 
  406 342 
  404 371 
  402 402 
  358 411 
  379 419 
  402 428 
  424 421 
  446 413 
  305 317 
  324 312 
  341 311 
  361 320 
  341 320 
  322 319 
  451 326 
  472 320 
  489 323 
  506 330 
  488 330 
  470 328 
  320 451 
  352 449 
  380 451 
  400 455 
  421 452 
  447 453 
  478 458 
  447 481 
  421 489 
  398 492 
  377 489 
  350 478 
  328 452 
  379 456 
  400 460 
  421 457 
  469 459 
  422 474 
  400 476 
  378 474  