  199 354 
  203 403 
  207 451 
  214 502 
  226 552 
  249 597 
  289 633 
  341 655 
  403 657 
  463 647 
  513 624 
  549 586 
  570 539 
  581 488 
  583 436 
  585 386 
  585 337 
  226 327 
  244 285 
  285 266 
  328 270 
  368 287 
  411 290 
  449 274 
  491 267 
  531 278 
  552 314 
  391 315 
  394 348 
  396 380 
  398 415 
  358 432 
  377 439 
  398 445 
  419 438 
  438 429 
  280 332 
  298 319 
  319 317 
  341 329 
  319 332 
  298 333 
  445 323 
  464 311 
  484 311 
  502 321 
  485 324 
  465 325 
  319 496 
  352 486 
  378 482 
  400 485 
  420 480 
  446 482 
  474 489 
  448 504 
  421 509 
  400 511 
  378 512 
  351 511 
  331 496 
  378 492 
  400 493 
  421 491 
  464 491 
  421 497 
  400 499 
  378 499  