   382 1024 
   382 1136 
   385 1252 
   407 1364 
   466 1458 
   549 1532 
   640 1593 
   732 1639 
   834 1651 
   930 1627 
  1001 1561 
  1067 1487 
  1125 1410 
  1164 1317 
  1175 1225 
  1179 1128 
  1181 1030 
   467  952 
   526  892 
   609  872 
   693  885 
   773  921 
   876  922 
   949  890 
  1024  877 
  1098  892 
  1138  951 
   830 1001 
   834 1072 
   839 1141 
   844 1214 
   743 1233 
   788 1251 
   835 1268 
   882 1255 
   921 1237 
   579  998 
   620  973 
   669  976 
   710 1013 
   665 1019 
   616 1014 
   919 1015 
   960  977 
  1008  976 
  1049 1001 
  1014 1016 
   967 1021 
   644 1343 
   711 1322 
   780 1318 
   827 1327 
   876 1320 
   937 1325 
   994 1347 
   937 1421 
   880 1454 
   826 1459 
   774 1452 
   708 1416 
   664 1349 
   781 1347 
   827 1353 
   878 1348 
   970 1353 
   877 1405 
   825 1411 
   776 1407  