   49  70 
   49  80 
   49  90 
   50  99 
   55 108 
   61 116 
   69 122 
   77 127 
   87 128 
   98 128 
  107 124 
  116 118 
  123 112 
  128 104 
  131  94 
  131  85 
  132  74 
   54  66 
   60  59 
   69  58 
   78  60 
   87  64 
   95  66 
  103  62 
  112  61 
  121  63 
  127  69 
   91  68 
   90  75 
   90  81 
   90  88 
   79  90 
   84  92 
   89  93 
   95  92 
  100  90 
   63  69 
   69  67 
   74  67 
   79  69 
   74  70 
   68  70 
  102  71 
  108  69 
  113  69 
  117  72 
  113  72 
  107  72 
   70  99 
   78  98 
   85  98 
   89  99 
   94  98 
  100  99 
  108 101 
   99 103 
   93 103 
   88 104 
   84 103 
   77 102 
   72  99 
   84  99 
   89 100 
   94 100 
  105 100 
   93 100 
   88 100 
   84 100  