   98 153 
   97 171 
   97 189 
   99 206 
  102 223 
  111 239 
  122 254 
  137 265 
  155 268 
  173 266 
  186 255 
  197 242 
  206 227 
  211 212 
  215 195 
  217 179 
  218 162 
  110 148 
  119 140 
  132 138 
  144 141 
  155 147 
  168 147 
  180 144 
  192 142 
  203 146 
  210 155 
  162 155 
  161 166 
  161 177 
  161 188 
  146 194 
  152 197 
  159 200 
  166 198 
  173 196 
  124 155 
  131 151 
  139 151 
  146 157 
  139 157 
  130 157 
  175 158 
  182 154 
  190 155 
  197 159 
  190 160 
  182 160 
  133 214 
  142 211 
  151 210 
  158 212 
  165 211 
  174 213 
  182 218 
  174 224 
  165 226 
  157 227 
  150 225 
  141 222 
  136 214 
  151 216 
  158 217 
  165 217 
  179 217 
  165 217 
  158 218 
  151 216  