   68 121 
   70 140 
   73 158 
   77 176 
   83 193 
   91 209 
  103 222 
  118 230 
  136 232 
  154 227 
  169 218 
  180 205 
  189 189 
  193 172 
  195 153 
  195 134 
  194 115 
   79 116 
   85 108 
   96 105 
  107 107 
  117 112 
  141 110 
  151 104 
  162 102 
  172 104 
  180 111 
  130 123 
  131 135 
  132 146 
  133 158 
  119 164 
  126 166 
  134 168 
  141 165 
  147 162 
   93 125 
   99 120 
  108 120 
  115 126 
  107 128 
   99 128 
  146 124 
  153 118 
  161 117 
  168 121 
  162 124 
  154 125 
  109 186 
  120 183 
  127 181 
  133 182 
  139 181 
  147 181 
  156 183 
  147 189 
  140 192 
  134 193 
  128 194 
  120 193 
  113 186 
  127 186 
  133 186 
  140 185 
  153 183 
  140 185 
  133 187 
  127 187  