  170 384 
  167 428 
  166 474 
  172 524 
  186 569 
  207 609 
  239 644 
  278 672 
  329 682 
  382 674 
  432 652 
  475 619 
  507 580 
  527 531 
  535 479 
  535 428 
  532 375 
  186 366 
  200 341 
  231 334 
  265 336 
  298 345 
  326 349 
  361 337 
  402 333 
  442 340 
  472 363 
  311 367 
  309 394 
  307 421 
  305 451 
  265 472 
  286 480 
  311 488 
  340 479 
  367 470 
  213 377 
  233 371 
  252 370 
  276 378 
  252 378 
  232 378 
  368 377 
  393 369 
  414 369 
  438 374 
  413 375 
  392 375 
  242 527 
  267 519 
  294 515 
  318 519 
  343 512 
  377 512 
  418 520 
  382 548 
  350 560 
  323 564 
  298 562 
  272 554 
  251 528 
  294 526 
  318 527 
  344 523 
  408 520 
  348 540 
  323 543 
  298 542  