   81 133 
   82 145 
   85 156 
   89 168 
   93 179 
  100 190 
  109 198 
  120 204 
  134 205 
  148 202 
  160 195 
  171 187 
  180 176 
  185 163 
  186 148 
  184 134 
  183 120 
   81 117 
   85 110 
   93 107 
  101 107 
  109 109 
  128 106 
  136 102 
  145 100 
  154 101 
  164 104 
  119 119 
  120 127 
  120 135 
  121 144 
  113 152 
  118 153 
  124 154 
  130 151 
  136 148 
   89 125 
   94 121 
  101 120 
  108 124 
  101 126 
   94 127 
  137 120 
  142 114 
  149 113 
  156 116 
  151 119 
  144 120 
  105 169 
  111 164 
  119 161 
  126 161 
  133 159 
  144 159 
  155 161 
  146 171 
  136 177 
  128 179 
  121 179 
  113 177 
  108 169 
  119 165 
  127 164 
  134 163 
  152 162 
  135 171 
  127 173 
  120 173  