   56 156 
   56 174 
   56 192 
   59 212 
   67 230 
   79 245 
   96 256 
  116 261 
  138 263 
  158 259 
  175 251 
  186 237 
  193 220 
  195 201 
  195 182 
  193 165 
  192 149 
   76 139 
   86 130 
  100 126 
  115 127 
  128 132 
  141 132 
  151 128 
  163 128 
  174 131 
  181 139 
  134 142 
  135 153 
  136 164 
  136 176 
  119 185 
  127 187 
  136 189 
  144 187 
  151 183 
   89 146 
   97 142 
  105 142 
  113 147 
  105 147 
   97 147 
  150 147 
  159 143 
  167 144 
  173 148 
  166 149 
  158 148 
  102 207 
  116 202 
  127 201 
  135 202 
  143 200 
  152 202 
  162 207 
  152 212 
  144 213 
  135 214 
  127 214 
  116 213 
  106 207 
  127 206 
  135 207 
  144 206 
  158 207 
  144 207 
  135 208 
  127 208  