   54 157 
   56 177 
   58 196 
   63 215 
   70 234 
   80 250 
   96 264 
  114 272 
  137 273 
  160 267 
  179 256 
  194 242 
  206 224 
  211 204 
  211 183 
  210 164 
  210 143 
   61 145 
   68 130 
   82 122 
   99 122 
  114 126 
  135 122 
  150 114 
  167 111 
  182 117 
  192 130 
  124 134 
  125 144 
  126 154 
  126 165 
  110 177 
  119 179 
  129 180 
  139 176 
  148 172 
   78 147 
   86 139 
   95 138 
  105 141 
   96 143 
   87 145 
  147 137 
  157 131 
  166 131 
  174 136 
  166 136 
  157 137 
   98 208 
  109 199 
  121 195 
  130 195 
  139 193 
  153 194 
  166 200 
  155 213 
  143 218 
  133 220 
  123 221 
  111 219 
  103 207 
  122 201 
  131 200 
  140 199 
  161 201 
  141 210 
  132 211 
  123 212  