  177 350 
  180 392 
  184 434 
  193 477 
  209 514 
  235 546 
  269 573 
  306 592 
  352 595 
  396 587 
  433 569 
  467 545 
  493 513 
  509 475 
  515 431 
  514 388 
  512 344 
  196 315 
  211 286 
  242 275 
  275 276 
  306 287 
  363 284 
  396 271 
  430 268 
  463 276 
  482 303 
  337 312 
  337 338 
  337 365 
  337 392 
  304 411 
  322 415 
  340 419 
  359 414 
  377 408 
  236 328 
  252 314 
  273 311 
  294 322 
  275 328 
  254 330 
  385 318 
  404 305 
  425 307 
  444 320 
  426 323 
  405 323 
  268 465 
  293 453 
  319 451 
  340 453 
  362 450 
  390 450 
  418 458 
  392 484 
  365 496 
  341 499 
  319 498 
  293 491 
  277 464 
  319 459 
  341 461 
  363 458 
  408 459 
  363 477 
  341 480 
  319 479  