   83 129 
   85 144 
   87 159 
   90 174 
   94 187 
  102 200 
  113 210 
  125 218 
  141 221 
  157 218 
  169 209 
  180 197 
  188 184 
  193 170 
  194 154 
  194 139 
  193 124 
   93 128 
   99 119 
  110 114 
  121 114 
  133 117 
  145 116 
  155 113 
  167 112 
  177 114 
  184 122 
  138 125 
  139 134 
  139 143 
  140 153 
  127 159 
  134 160 
  141 161 
  147 159 
  154 157 
  105 131 
  111 126 
  118 125 
  126 130 
  118 131 
  111 132 
  152 128 
  158 122 
  165 122 
  172 126 
  166 128 
  159 128 
  116 174 
  125 171 
  134 169 
  141 170 
  148 169 
  156 169 
  165 171 
  157 179 
  149 184 
  142 185 
  134 185 
  126 183 
  119 174 
  134 172 
  141 172 
  148 171 
  162 171 
  149 179 
  142 181 
  134 180  