  106 182 
  105 202 
  106 221 
  108 242 
  114 262 
  124 281 
  140 298 
  159 310 
  184 314 
  210 311 
  233 302 
  255 288 
  270 271 
  279 249 
  282 227 
  283 206 
  283 184 
  115 165 
  124 153 
  139 150 
  154 153 
  170 158 
  198 155 
  216 150 
  233 147 
  249 151 
  261 162 
  183 171 
  182 184 
  181 197 
  180 210 
  163 223 
  172 226 
  181 228 
  191 225 
  201 224 
  132 178 
  141 173 
  153 173 
  163 177 
  152 180 
  141 180 
  211 176 
  221 172 
  232 172 
  241 176 
  232 179 
  221 179 
  146 247 
  158 241 
  172 237 
  182 240 
  194 238 
  209 242 
  226 247 
  210 261 
  194 267 
  182 269 
  171 268 
  158 262 
  151 249 
  172 248 
  182 248 
  194 247 
  220 250 
  194 254 
  182 256 
  171 255  