   41 147 
   41 167 
   40 187 
   42 206 
   51 223 
   64 237 
   82 248 
   99 258 
  121 260 
  140 257 
  156 246 
  171 233 
  182 219 
  189 201 
  191 183 
  190 164 
  191 145 
   58 139 
   69 131 
   83 129 
   97 131 
  110 136 
  129 135 
  140 130 
  153 128 
  166 129 
  176 136 
  119 146 
  120 158 
  120 169 
  121 181 
  101 188 
  110 190 
  120 193 
  130 190 
  138 187 
   73 148 
   82 144 
   91 144 
  100 149 
   91 151 
   81 150 
  136 149 
  144 143 
  153 142 
  162 146 
  154 149 
  145 150 
   84 208 
   99 205 
  112 204 
  121 205 
  131 203 
  143 203 
  157 205 
  144 217 
  132 221 
  121 223 
  111 222 
   99 219 
   88 209 
  112 207 
  121 208 
  131 206 
  153 206 
  131 214 
  121 216 
  112 215  