   77 119 
   78 135 
   79 151 
   82 167 
   86 181 
   94 194 
  105 204 
  118 210 
  135 212 
  152 209 
  165 202 
  176 193 
  184 181 
  189 167 
  191 151 
  192 136 
  192 121 
   87 112 
   94 103 
  105 101 
  116 103 
  127 108 
  141 108 
  151 102 
  162 101 
  173 104 
  180 112 
  133 116 
  133 127 
  133 138 
  133 149 
  118 152 
  125 154 
  133 157 
  140 154 
  147 152 
   98 118 
  104 114 
  112 114 
  119 119 
  111 121 
  103 121 
  148 119 
  155 114 
  163 114 
  168 118 
  163 121 
  155 121 
  107 169 
  117 167 
  125 166 
  133 167 
  141 166 
  149 166 
  159 168 
  149 173 
  141 175 
  133 176 
  125 175 
  117 174 
  111 169 
  125 170 
  132 170 
  141 169 
  155 168 
  141 169 
  133 170 
  125 169  