   79 115 
   78 131 
   79 146 
   81 162 
   86 176 
   94 189 
  107 198 
  122 204 
  140 207 
  157 203 
  171 194 
  181 181 
  187 166 
  192 151 
  193 137 
  193 123 
  192 109 
   90 104 
   98  95 
  109  92 
  121  94 
  132  98 
  143  98 
  153  93 
  164  91 
  176  93 
  183 102 
  138 105 
  138 114 
  139 123 
  140 132 
  125 139 
  132 141 
  139 142 
  147 140 
  154 138 
  102 110 
  109 107 
  115 106 
  123 110 
  115 111 
  109 111 
  152 108 
  158 105 
  165 105 
  171 108 
  165 109 
  158 109 
  110 157 
  122 153 
  132 151 
  140 152 
  147 151 
  157 151 
  167 154 
  157 163 
  148 166 
  140 167 
  132 167 
  122 165 
  114 157 
  132 154 
  140 155 
  147 153 
  164 154 
  148 161 
  140 162 
  132 162  