   68 106 
   67 120 
   68 134 
   70 148 
   74 161 
   81 173 
   90 183 
  101 190 
  115 192 
  129 192 
  142 186 
  154 177 
  162 166 
  167 153 
  169 139 
  171 125 
  172 111 
   77  99 
   84  94 
   94  93 
  103  95 
  112  99 
  127  99 
  138  97 
  148  96 
  158  98 
  164 105 
  120 108 
  119 117 
  118 127 
  118 136 
  106 140 
  111 143 
  117 145 
  123 144 
  129 142 
   88 108 
   94 106 
  100 106 
  105 110 
  100 110 
   93 110 
  134 112 
  140 109 
  146 109 
  151 112 
  147 113 
  140 113 
   93 156 
  103 154 
  110 154 
  116 157 
  122 156 
  130 157 
  140 159 
  130 164 
  121 165 
  114 165 
  108 164 
  101 161 
   96 156 
  110 158 
  116 160 
  122 160 
  136 160 
  121 159 
  115 159 
  109 158  