   74 111 
   76 128 
   78 144 
   81 159 
   87 174 
   97 186 
  108 197 
  122 206 
  137 209 
  152 207 
  166 198 
  178 188 
  187 175 
  192 161 
  194 145 
  195 128 
  196 111 
   87 105 
   94 100 
  103  99 
  112 101 
  120 104 
  145 104 
  155 101 
  165 100 
  175 101 
  184 105 
  133 114 
  133 125 
  132 135 
  133 146 
  120 149 
  126 151 
  133 154 
  140 151 
  147 149 
   99 115 
  105 112 
  113 112 
  118 117 
  112 118 
  105 117 
  151 117 
  157 113 
  164 112 
  170 115 
  164 118 
  157 118 
  107 165 
  117 162 
  127 161 
  135 162 
  143 160 
  154 160 
  164 163 
  155 174 
  144 179 
  136 180 
  127 179 
  117 174 
  111 165 
  127 164 
  135 165 
  143 164 
  160 164 
  144 173 
  136 174 
  127 173  