   87 140 
   89 157 
   92 174 
   94 190 
   98 205 
  106 219 
  117 231 
  131 240 
  151 244 
  171 241 
  187 232 
  198 219 
  207 204 
  211 186 
  213 169 
  213 151 
  212 134 
   93 130 
   99 120 
  112 118 
  123 122 
  135 127 
  153 127 
  166 122 
  178 117 
  193 117 
  201 128 
  145 133 
  145 143 
  145 152 
  146 163 
  131 168 
  139 171 
  147 173 
  155 171 
  163 168 
  107 138 
  113 134 
  121 133 
  128 138 
  120 140 
  113 140 
  166 136 
  173 132 
  181 131 
  188 135 
  181 138 
  173 137 
  122 192 
  131 187 
  140 184 
  148 186 
  156 184 
  165 186 
  176 190 
  166 198 
  157 201 
  149 201 
  140 201 
  132 199 
  127 192 
  140 191 
  148 191 
  156 191 
  172 190 
  156 191 
  148 192 
  140 191  