   67 116 
   67 131 
   67 145 
   69 160 
   73 173 
   82 186 
   94 196 
  108 205 
  124 208 
  139 204 
  152 196 
  163 185 
  171 172 
  176 159 
  178 146 
  180 133 
  181 119 
   80 107 
   87 101 
   97  98 
  108  99 
  118 103 
  130 103 
  140  99 
  152  99 
  163 101 
  171 108 
  125 112 
  125 121 
  124 130 
  124 139 
  111 144 
  117 147 
  125 150 
  132 147 
  139 145 
   89 114 
   96 110 
  103 110 
  110 114 
  103 114 
   96 114 
  140 114 
  147 110 
  154 110 
  161 114 
  154 114 
  147 114 
   96 161 
  105 156 
  116 155 
  125 156 
  133 155 
  143 156 
  151 161 
  144 174 
  133 181 
  124 183 
  115 181 
  104 175 
  100 161 
  116 160 
  125 161 
  133 160 
  147 162 
  133 172 
  124 173 
  116 172  