   21  61 
   21  68 
   21  77 
   22  85 
   25  93 
   29 100 
   35 106 
   41 110 
   49 111 
   57 109 
   65 105 
   72  99 
   77  92 
   80  83 
   81  74 
   81  65 
   80  56 
   24  58 
   27  53 
   33  52 
   38  53 
   44  55 
   48  54 
   54  51 
   60  49 
   66  49 
   71  54 
   46  58 
   46  63 
   46  68 
   46  73 
   39  76 
   43  77 
   47  78 
   51  76 
   55  75 
   29  60 
   32  59 
   35  58 
   39  59 
   36  60 
   33  60 
   55  58 
   58  56 
   61  56 
   64  57 
   61  57 
   58  57 
   34  86 
   39  83 
   44  83 
   48  83 
   52  82 
   58  82 
   64  83 
   59  89 
   54  92 
   49  93 
   44  93 
   39  91 
   36  86 
   44  84 
   48  84 
   52  84 
   62  83 
   53  88 
   48  88 
   44  89  