   72 113 
   73 129 
   73 144 
   76 159 
   81 173 
   90 185 
  100 195 
  113 203 
  127 205 
  142 202 
  153 194 
  162 184 
  170 172 
  175 160 
  177 146 
  179 132 
  180 117 
   86 108 
   93 102 
  104 100 
  114 102 
  123 107 
  136 108 
  145 104 
  155 103 
  165 106 
  171 112 
  130 119 
  130 130 
  130 140 
  130 151 
  116 153 
  122 156 
  129 158 
  136 156 
  141 154 
   96 119 
  101 116 
  108 117 
  114 121 
  107 122 
  101 122 
  142 123 
  148 119 
  155 119 
  160 122 
  155 125 
  148 125 
  105 166 
  113 164 
  121 165 
  128 166 
  134 165 
  141 165 
  149 167 
  142 176 
  135 179 
  128 180 
  121 179 
  113 175 
  108 166 
  121 169 
  128 170 
  134 169 
  146 167 
  135 172 
  128 173 
  121 172  