  216 339 
  214 389 
  213 440 
  220 491 
  238 539 
  269 579 
  307 614 
  348 641 
  394 651 
  442 641 
  485 613 
  522 577 
  551 535 
  570 486 
  578 434 
  577 383 
  577 331 
  249 321 
  268 292 
  302 279 
  339 278 
  370 290 
  413 285 
  447 274 
  484 274 
  518 286 
  538 313 
  393 317 
  394 345 
  394 373 
  395 403 
  350 426 
  371 433 
  393 440 
  416 433 
  436 427 
  282 331 
  302 318 
  324 316 
  347 330 
  325 331 
  303 332 
  438 328 
  461 314 
  483 314 
  503 327 
  484 329 
  462 329 
  314 494 
  341 478 
  371 473 
  392 477 
  414 473 
  445 479 
  471 497 
  446 528 
  416 543 
  392 545 
  369 542 
  340 527 
  324 494 
  371 484 
  392 486 
  414 484 
  461 496 
  415 517 
  392 520 
  370 516  