  104 427 
  103 486 
  102 544 
  108 603 
  125 658 
  156 706 
  200 743 
  255 767 
  318 773 
  377 765 
  429 740 
  471 704 
  501 659 
  520 606 
  528 550 
  528 495 
  527 439 
  139 416 
  165 381 
  209 369 
  256 373 
  296 394 
  342 396 
  379 378 
  423 379 
  463 390 
  486 422 
  319 420 
  318 460 
  318 500 
  317 542 
  257 542 
  285 555 
  317 567 
  349 555 
  377 542 
  193 427 
  217 418 
  239 419 
  268 429 
  241 430 
  216 430 
  367 432 
  394 422 
  416 425 
  439 434 
  416 435 
  392 434 
  221 600 
  260 587 
  291 587 
  318 592 
  347 588 
  378 589 
  410 601 
  376 626 
  346 633 
  316 635 
  289 633 
  258 625 
  232 599 
  291 595 
  318 598 
  347 595 
  399 601 
  347 616 
  317 618 
  290 615  