   86 147 
   86 169 
   86 191 
   88 213 
   97 232 
  110 249 
  128 262 
  146 272 
  167 274 
  186 270 
  202 258 
  215 243 
  225 227 
  231 209 
  233 191 
  234 174 
  234 156 
  105 140 
  116 128 
  133 123 
  150 126 
  165 133 
  182 134 
  195 130 
  210 131 
  223 136 
  228 148 
  172 147 
  172 160 
  172 173 
  172 186 
  150 191 
  159 195 
  170 198 
  180 196 
  189 193 
  122 148 
  131 144 
  141 144 
  150 150 
  140 150 
  130 150 
  188 152 
  197 148 
  206 149 
  214 154 
  206 155 
  197 154 
  130 213 
  146 210 
  159 209 
  169 211 
  179 210 
  190 211 
  202 213 
  190 228 
  179 234 
  169 236 
  158 235 
  145 229 
  134 213 
  159 213 
  169 214 
  179 213 
  198 214 
  179 225 
  169 226 
  158 225  