   61 114 
   60 131 
   59 150 
   60 168 
   66 186 
   75 201 
   88 214 
  102 223 
  122 226 
  142 225 
  160 217 
  174 206 
  186 192 
  194 175 
  198 156 
  198 138 
  199 119 
   74  97 
   79  86 
   91  81 
  103  82 
  114  88 
  141  88 
  153  83 
  166  82 
  177  89 
  183 101 
  126 103 
  125 113 
  124 124 
  123 135 
  109 142 
  116 145 
  123 148 
  131 146 
  138 144 
   87 108 
   93 105 
  100 105 
  107 108 
  100 109 
   93 109 
  147 109 
  154 106 
  161 106 
  167 110 
  161 111 
  154 111 
   98 166 
  107 160 
  115 159 
  123 160 
  132 160 
  142 161 
  152 167 
  142 175 
  132 178 
  123 178 
  114 177 
  106 174 
  101 166 
  115 165 
  123 166 
  132 165 
  148 168 
  132 169 
  123 170 
  115 169  