  111 420 
  105 484 
   95 546 
  101 611 
  132 662 
  178 703 
  234 735 
  288 764 
  347 776 
  403 768 
  448 732 
  489 695 
  522 650 
  543 598 
  553 546 
  559 497 
  564 445 
  184 367 
  225 346 
  271 343 
  316 354 
  354 379 
  410 385 
  451 374 
  493 371 
  533 384 
  548 421 
  385 412 
  383 451 
  381 489 
  379 529 
  310 525 
  339 541 
  371 557 
  401 548 
  428 538 
  236 397 
  261 386 
  287 390 
  311 409 
  284 408 
  258 405 
  429 422 
  457 408 
  483 412 
  505 428 
  481 430 
  455 427 
  243 567 
  287 560 
  331 567 
  363 575 
  394 574 
  428 576 
  460 595 
  424 628 
  389 640 
  356 640 
  323 632 
  282 610 
  253 569 
  329 576 
  362 582 
  393 581 
  448 593 
  391 622 
  359 622 
  326 615  