  178 508 
  178 573 
  177 638 
  187 700 
  212 757 
  256 805 
  311 847 
  368 880 
  432 891 
  495 880 
  549 849 
  593 807 
  629 761 
  656 710 
  672 653 
  675 597 
  680 541 
  241 482 
  278 450 
  332 442 
  384 455 
  433 477 
  472 478 
  520 463 
  572 461 
  620 476 
  645 516 
  454 510 
  457 547 
  460 584 
  464 623 
  387 645 
  419 655 
  452 666 
  483 658 
  510 648 
  293 507 
  322 494 
  352 495 
  382 516 
  350 514 
  320 513 
  505 525 
  538 509 
  568 512 
  593 530 
  566 532 
  536 529 
  325 701 
  377 699 
  420 699 
  446 706 
  474 702 
  508 704 
  544 707 
  503 733 
  469 744 
  441 747 
  413 743 
  373 732 
  339 704 
  418 715 
  445 720 
  473 717 
  528 709 
  470 719 
  443 723 
  416 720  