  162 416 
  166 474 
  170 531 
  182 588 
  206 641 
  246 683 
  296 719 
  353 746 
  412 752 
  463 736 
  502 703 
  538 665 
  566 620 
  582 569 
  591 515 
  590 463 
  592 411 
  217 389 
  246 358 
  290 349 
  334 359 
  375 376 
  440 373 
  474 358 
  510 352 
  545 355 
  565 381 
  407 412 
  411 442 
  414 472 
  419 503 
  366 530 
  388 535 
  413 540 
  435 534 
  456 527 
  268 419 
  292 403 
  323 404 
  351 426 
  321 433 
  290 432 
  449 425 
  474 404 
  503 403 
  525 418 
  505 430 
  475 431 
  314 600 
  359 587 
  394 579 
  416 581 
  436 576 
  461 581 
  488 593 
  462 621 
  438 632 
  417 636 
  394 636 
  359 631 
  327 600 
  394 590 
  416 591 
  436 587 
  477 593 
  437 612 
  418 616 
  395 614  