  100 355 
   94 417 
   88 479 
   90 543 
  103 603 
  130 660 
  167 709 
  213 745 
  272 762 
  342 764 
  411 748 
  470 716 
  517 673 
  552 620 
  574 559 
  587 498 
  602 435 
  145 332 
  173 300 
  218 293 
  265 303 
  304 331 
  353 338 
  403 323 
  458 326 
  506 350 
  532 393 
  323 366 
  314 402 
  304 437 
  295 474 
  241 494 
  265 507 
  295 517 
  329 513 
  360 506 
  183 364 
  209 357 
  234 360 
  263 371 
  232 369 
  207 367 
  387 389 
  420 383 
  445 390 
  471 402 
  442 399 
  415 395 
  197 553 
  236 542 
  270 543 
  295 550 
  327 549 
  367 558 
  413 578 
  361 608 
  319 614 
  287 613 
  259 607 
  230 590 
  208 555 
  267 554 
  293 561 
  324 561 
  400 575 
  323 590 
  292 590 
  264 583  