   28 112 
   29 129 
   32 146 
   35 162 
   42 178 
   51 193 
   63 207 
   77 218 
   96 221 
  115 217 
  130 208 
  143 194 
  153 178 
  159 162 
  161 144 
  161 127 
  161 109 
   45 104 
   51  98 
   61  95 
   71  96 
   80  98 
  104  97 
  116  93 
  127  91 
  139  92 
  146 100 
   92 108 
   93 119 
   93 131 
   94 143 
   78 145 
   86 149 
   94 152 
  103 148 
  111 145 
   58 112 
   64 107 
   71 107 
   76 111 
   70 113 
   63 113 
  112 110 
  118 105 
  125 104 
  131 108 
  126 110 
  119 110 
   65 164 
   75 163 
   86 164 
   95 165 
  104 164 
  116 163 
  127 164 
  117 178 
  105 184 
   95 185 
   86 184 
   75 178 
   68 165 
   86 167 
   95 168 
  104 167 
  125 164 
  105 178 
   95 179 
   86 178  