   83 130 
   83 146 
   83 162 
   85 179 
   91 194 
  100 208 
  112 219 
  126 225 
  143 226 
  159 224 
  173 217 
  186 208 
  195 195 
  201 181 
  203 164 
  203 149 
  203 134 
   93 125 
   99 116 
  110 114 
  122 116 
  133 119 
  152 119 
  163 115 
  174 114 
  186 117 
  192 126 
  142 127 
  141 137 
  141 147 
  140 157 
  129 162 
  134 165 
  141 167 
  147 165 
  154 163 
  106 130 
  112 126 
  120 125 
  127 130 
  119 132 
  112 132 
  158 131 
  166 126 
  173 127 
  179 131 
  173 133 
  166 132 
  120 184 
  128 181 
  135 180 
  142 181 
  149 180 
  156 180 
  165 184 
  157 189 
  149 190 
  142 191 
  136 191 
  127 189 
  123 184 
  135 184 
  142 185 
  149 183 
  162 183 
  149 183 
  142 183 
  136 183  