  111 409 
  103 489 
   98 568 
   99 648 
  114 726 
  150 797 
  196 866 
  257 922 
  336 942 
  414 930 
  482 877 
  541 818 
  588 756 
  620 692 
  640 628 
  658 560 
  671 493 
  165 417 
  205 376 
  269 363 
  334 373 
  391 401 
  431 412 
  494 401 
  559 409 
  616 437 
  647 485 
  404 451 
  398 506 
  392 555 
  386 609 
  304 614 
  338 636 
  375 654 
  415 644 
  452 632 
  231 436 
  264 428 
  294 432 
  326 448 
  291 446 
  261 444 
  469 471 
  508 464 
  538 473 
  564 490 
  532 487 
  502 481 
  215 676 
  274 671 
  331 676 
  369 688 
  410 685 
  460 693 
  501 710 
  449 761 
  397 785 
  353 785 
  311 776 
  262 745 
  229 679 
  326 689 
  365 699 
  406 698 
  485 711 
  403 753 
  359 756 
  320 745  