  187 346 
  186 398 
  188 449 
  196 499 
  211 544 
  236 579 
  273 604 
  313 623 
  358 634 
  405 630 
  448 613 
  487 590 
  515 556 
  533 511 
  544 463 
  549 413 
  552 361 
  226 320 
  246 297 
  281 291 
  315 297 
  347 311 
  408 311 
  438 297 
  473 291 
  507 301 
  524 329 
  376 341 
  374 370 
  372 399 
  369 430 
  330 448 
  348 455 
  369 461 
  389 458 
  408 453 
  262 348 
  283 338 
  305 338 
  330 352 
  305 355 
  282 355 
  419 356 
  443 342 
  466 343 
  486 353 
  466 362 
  443 361 
  299 514 
  324 502 
  347 497 
  364 501 
  381 499 
  404 507 
  433 521 
  403 534 
  380 535 
  361 535 
  343 533 
  322 527 
  309 512 
  345 512 
  364 514 
  381 514 
  422 519 
  380 513 
  363 512 
  345 510  