   57 135 
   57 153 
   58 170 
   62 188 
   71 204 
   84 217 
  100 228 
  117 237 
  136 239 
  155 235 
  169 225 
  181 214 
  190 199 
  196 182 
  198 165 
  199 147 
  200 130 
   75 116 
   83 107 
   96 104 
  109 105 
  120 111 
  148 110 
  159 104 
  172 103 
  184 107 
  190 117 
  135 123 
  136 135 
  136 146 
  137 159 
  120 164 
  128 167 
  136 170 
  144 167 
  151 164 
   90 127 
   97 122 
  106 122 
  113 126 
  105 129 
   97 129 
  153 126 
  161 122 
  170 122 
  177 127 
  170 129 
  161 129 
  104 187 
  116 181 
  127 179 
  135 181 
  143 179 
  153 181 
  163 188 
  153 197 
  144 199 
  135 200 
  126 199 
  115 196 
  107 187 
  127 184 
  135 185 
  143 184 
  159 187 
  143 192 
  135 192 
  126 192  