   60 126 
   59 146 
   58 165 
   60 184 
   67 201 
   79 214 
   97 224 
  117 231 
  138 234 
  158 234 
  174 227 
  187 215 
  195 200 
  199 184 
  202 169 
  203 154 
  204 140 
   86 111 
   98 101 
  114  99 
  131 102 
  144 111 
  162 114 
  173 109 
  185 109 
  196 113 
  201 123 
  153 123 
  152 133 
  152 143 
  153 153 
  131 158 
  139 161 
  148 165 
  156 164 
  163 162 
  104 120 
  113 118 
  121 119 
  128 124 
  120 124 
  112 123 
  165 129 
  174 127 
  181 128 
  187 133 
  180 133 
  173 132 
  110 180 
  125 174 
  138 174 
  146 177 
  155 176 
  164 180 
  171 187 
  162 195 
  152 197 
  143 196 
  134 195 
  122 190 
  113 180 
  137 178 
  145 180 
  154 180 
  168 187 
  153 190 
  144 189 
  135 188  