   82 131 
   81 149 
   80 167 
   81 186 
   88 204 
  100 218 
  116 228 
  133 237 
  152 239 
  170 235 
  184 224 
  197 211 
  205 197 
  210 181 
  213 165 
  214 149 
  214 135 
   98 121 
  108 112 
  123 110 
  137 113 
  150 119 
  166 119 
  178 116 
  190 114 
  202 117 
  208 127 
  158 127 
  158 137 
  158 148 
  158 158 
  139 162 
  147 165 
  156 168 
  164 166 
  171 164 
  112 128 
  120 125 
  128 125 
  136 129 
  128 130 
  119 130 
  172 131 
  181 127 
  189 127 
  196 131 
  189 133 
  181 133 
  120 181 
  134 177 
  146 178 
  155 179 
  163 179 
  174 180 
  185 185 
  173 194 
  163 198 
  153 198 
  144 197 
  132 192 
  123 181 
  146 181 
  155 183 
  163 183 
  181 184 
  163 191 
  154 192 
  145 190  