   71 131 
   72 151 
   72 171 
   74 192 
   80 210 
   91 226 
  105 240 
  122 249 
  142 252 
  161 250 
  179 242 
  192 229 
  203 213 
  209 195 
  212 175 
  212 155 
  212 136 
   89 126 
  100 119 
  112 118 
  125 120 
  136 124 
  151 125 
  164 122 
  177 121 
  189 123 
  198 131 
  145 133 
  145 144 
  146 155 
  146 166 
  129 174 
  137 177 
  146 179 
  154 177 
  162 175 
  103 134 
  111 130 
  120 130 
  128 136 
  120 137 
  111 136 
  160 137 
  168 132 
  177 132 
  185 137 
  177 138 
  169 138 
  112 195 
  124 190 
  136 188 
  145 189 
  153 188 
  165 191 
  175 197 
  164 209 
  153 213 
  144 214 
  135 212 
  123 206 
  116 195 
  136 194 
  144 195 
  153 195 
  172 198 
  153 203 
  144 203 
  135 202  