   22  90 
   22 105 
   24 119 
   27 134 
   32 148 
   40 162 
   49 174 
   61 184 
   76 186 
   91 181 
  103 170 
  112 156 
  121 141 
  126 126 
  127 110 
  127  93 
  125  76 
   25  85 
   28  75 
   38  70 
   49  69 
   59  72 
   70  70 
   80  65 
   91  62 
  102  65 
  109  72 
   66  81 
   67  93 
   68 104 
   69 116 
   57 120 
   64 122 
   71 124 
   78 120 
   84 116 
   36  89 
   42  84 
   48  83 
   55  86 
   49  88 
   42  89 
   80  82 
   86  77 
   92  76 
   99  79 
   93  81 
   87  81 
   48 140 
   56 134 
   65 132 
   72 133 
   79 131 
   89 130 
   98 132 
   90 147 
   81 155 
   74 157 
   66 157 
   57 153 
   51 140 
   65 136 
   73 136 
   79 134 
   96 133 
   80 147 
   73 149 
   66 149  