   75 131 
   75 148 
   75 166 
   77 183 
   82 199 
   92 213 
  105 223 
  120 230 
  139 231 
  159 229 
  174 222 
  187 211 
  195 197 
  200 181 
  202 163 
  202 147 
  202 131 
   88 110 
   94  99 
  106  95 
  118  96 
  130 100 
  150 100 
  162  96 
  173  95 
  184  98 
  190 108 
  139 112 
  139 122 
  139 131 
  139 141 
  123 152 
  131 154 
  139 156 
  147 154 
  154 152 
  100 119 
  107 114 
  114 113 
  121 118 
  114 120 
  107 120 
  157 118 
  164 112 
  172 113 
  177 118 
  172 119 
  164 119 
  111 178 
  120 171 
  131 169 
  138 170 
  145 168 
  156 172 
  164 179 
  156 184 
  146 186 
  138 187 
  130 187 
  120 184 
  115 178 
  131 176 
  138 177 
  146 176 
  160 179 
  145 179 
  138 179 
  131 179  