   72 127 
   70 142 
   68 157 
   69 173 
   73 188 
   79 204 
   89 218 
  103 229 
  121 234 
  140 232 
  159 226 
  174 215 
  185 202 
  192 187 
  195 170 
  196 154 
  196 137 
   80 117 
   86 108 
   97 105 
  108 107 
  118 112 
  132 112 
  145 108 
  158 107 
  171 112 
  178 122 
  125 122 
  123 132 
  122 142 
  120 152 
  107 159 
  113 162 
  121 165 
  129 163 
  137 160 
   90 125 
   97 123 
  104 123 
  111 127 
  103 128 
   96 127 
  142 128 
  150 125 
  157 125 
  164 128 
  157 130 
  150 129 
   95 180 
  104 177 
  113 176 
  121 178 
  129 177 
  139 179 
  152 183 
  139 192 
  128 193 
  120 194 
  112 193 
  104 189 
   98 180 
  113 179 
  121 180 
  129 180 
  148 183 
  128 188 
  120 188 
  112 187  