   67 121 
   68 137 
   70 152 
   72 167 
   76 183 
   84 197 
   96 209 
  110 218 
  129 221 
  149 218 
  165 209 
  178 199 
  186 184 
  190 168 
  192 152 
  192 135 
  193 119 
   82 114 
   87 104 
   99 100 
  112 100 
  124 104 
  136 104 
  148  98 
  160  96 
  173  99 
  179 109 
  129 116 
  129 128 
  129 139 
  129 150 
  116 157 
  122 159 
  130 161 
  137 158 
  143 155 
   94 125 
   99 122 
  106 121 
  114 122 
  107 124 
  100 125 
  146 120 
  153 118 
  159 118 
  165 119 
  159 121 
  153 121 
  106 174 
  116 171 
  123 170 
  130 170 
  137 168 
  145 168 
  155 170 
  146 172 
  138 173 
  131 175 
  125 175 
  117 175 
  109 173 
  124 172 
  130 173 
  137 171 
  152 170 
  138 169 
  131 170 
  124 170  