   70 149 
   70 170 
   70 190 
   74 210 
   83 226 
   97 239 
  117 249 
  138 255 
  159 255 
  176 251 
  189 240 
  200 226 
  208 211 
  212 195 
  214 177 
  214 161 
  213 145 
   99 132 
  109 123 
  122 120 
  136 121 
  149 126 
  171 126 
  181 121 
  193 119 
  203 123 
  208 133 
  161 140 
  164 151 
  166 162 
  169 172 
  148 183 
  156 185 
  165 187 
  172 185 
  178 182 
  113 143 
  121 139 
  130 138 
  138 143 
  130 145 
  121 145 
  172 144 
  180 139 
  189 139 
  196 143 
  189 145 
  181 145 
  130 205 
  144 200 
  156 198 
  163 200 
  170 198 
  178 200 
  185 206 
  177 211 
  170 213 
  163 213 
  155 213 
  144 211 
  135 205 
  156 204 
  163 204 
  170 204 
  181 205 
  170 205 
  163 206 
  155 205  