  208 427 
  205 466 
  203 506 
  206 547 
  217 591 
  233 631 
  257 668 
  288 695 
  332 703 
  381 696 
  430 682 
  470 657 
  502 626 
  524 586 
  537 542 
  544 497 
  551 451 
  213 408 
  231 380 
  266 379 
  301 390 
  332 408 
  359 410 
  394 392 
  435 388 
  475 396 
  503 423 
  339 426 
  335 451 
  330 476 
  325 503 
  288 515 
  307 524 
  331 531 
  358 523 
  384 516 
  249 421 
  267 414 
  285 416 
  305 427 
  284 426 
  266 424 
  395 429 
  418 422 
  436 424 
  455 434 
  435 433 
  416 431 
  261 561 
  291 556 
  314 556 
  333 559 
  357 557 
  388 559 
  425 569 
  386 588 
  353 595 
  329 597 
  308 594 
  286 588 
  269 562 
  312 559 
  332 562 
  355 560 
  418 568 
  355 586 
  331 586 
  311 584  