   168  519 
   165  622 
   170  724 
   189  823 
   232  914 
   297  991 
   373 1058 
   452 1111 
   542 1119 
   624 1095 
   678 1024 
   728  951 
   769  872 
   795  784 
   807  698 
   810  614 
   807  532 
   257  464 
   298  418 
   361  398 
   431  399 
   499  421 
   577  427 
   636  411 
   696  416 
   750  435 
   775  481 
   538  497 
   540  552 
   543  608 
   546  665 
   461  695 
   500  710 
   542  725 
   578  713 
   611  700 
   331  501 
   364  481 
   406  482 
   443  507 
   402  514 
   361  515 
   609  514 
   644  492 
   685  497 
   714  517 
   685  527 
   646  523 
   388  825 
   436  786 
   499  777 
   542  784 
   581  775 
   628  786 
   654  828 
   627  896 
   585  925 
   543  930 
   497  928 
   436  900 
   407  826 
   499  804 
   541  806 
   582  801 
   634  827 
   582  875 
   541  884 
   497  880  