   55 169 
   58 189 
   61 209 
   66 229 
   73 247 
   85 262 
  101 276 
  119 288 
  142 291 
  167 285 
  188 271 
  204 253 
  217 231 
  222 207 
  223 183 
  219 159 
  215 134 
   58 161 
   63 149 
   75 144 
   89 143 
  102 146 
  119 141 
  135 132 
  153 128 
  171 129 
  186 137 
  112 154 
  113 169 
  114 184 
  115 199 
  105 207 
  113 210 
  122 212 
  131 207 
  140 201 
   74 163 
   80 156 
   90 153 
  100 158 
   91 162 
   81 164 
  139 150 
  147 142 
  158 140 
  167 145 
  159 149 
  149 150 
   98 233 
  108 228 
  118 226 
  127 225 
  136 222 
  150 220 
  166 220 
  154 232 
  143 237 
  132 239 
  122 240 
  111 240 
  103 233 
  119 230 
  128 230 
  138 227 
  161 221 
  140 228 
  130 231 
  120 232  