   99 136 
   99 150 
  101 165 
  104 178 
  110 191 
  119 202 
  130 211 
  142 217 
  155 219 
  168 217 
  180 210 
  190 201 
  198 191 
  204 178 
  206 164 
  207 149 
  207 134 
  109 132 
  115 125 
  126 123 
  136 125 
  146 129 
  162 128 
  171 124 
  181 122 
  191 123 
  197 129 
  154 138 
  155 148 
  155 157 
  155 167 
  143 170 
  148 172 
  154 174 
  160 172 
  166 170 
  121 137 
  127 134 
  134 134 
  141 139 
  134 140 
  127 140 
  167 138 
  174 134 
  181 133 
  186 136 
  181 139 
  174 140 
  134 184 
  142 183 
  149 183 
  154 184 
  159 182 
  166 183 
  175 183 
  167 188 
  160 190 
  154 190 
  149 190 
  142 189 
  136 185 
  149 186 
  154 186 
  159 185 
  172 184 
  159 186 
  154 186 
  149 186  