   98 146 
   99 161 
   99 176 
  102 191 
  107 205 
  116 217 
  129 225 
  144 232 
  160 234 
  176 232 
  190 224 
  202 214 
  209 201 
  213 186 
  214 171 
  215 157 
  215 142 
  109 132 
  116 125 
  126 123 
  135 126 
  145 131 
  170 131 
  179 127 
  189 123 
  199 124 
  206 130 
  157 140 
  157 149 
  157 158 
  157 167 
  145 174 
  151 176 
  157 177 
  164 176 
  169 174 
  120 141 
  127 138 
  135 138 
  141 143 
  134 144 
  126 144 
  173 143 
  180 137 
  187 137 
  194 140 
  188 143 
  181 143 
  135 193 
  144 189 
  152 187 
  158 188 
  164 187 
  173 188 
  183 192 
  174 199 
  165 201 
  158 202 
  152 201 
  144 199 
  138 193 
  152 191 
  158 192 
  164 191 
  180 192 
  165 194 
  158 195 
  152 194  