   34  85 
   34 100 
   35 115 
   37 129 
   44 142 
   55 151 
   68 158 
   82 162 
   97 162 
  109 159 
  116 151 
  122 141 
  127 130 
  130 118 
  131 107 
  130  96 
  129  85 
   53  75 
   60  68 
   70  67 
   80  69 
   88  73 
  107  75 
  113  73 
  120  72 
  126  72 
  129  77 
   99  82 
  100  89 
  101  96 
  103 103 
   87 109 
   93 110 
  100 112 
  105 111 
  110 109 
   65  80 
   71  78 
   77  78 
   82  82 
   76  82 
   70  82 
  107  84 
  113  81 
  118  81 
  122  84 
  118  85 
  113  85 
   73 122 
   85 122 
   94 121 
   99 122 
  103 121 
  109 122 
  113 123 
  108 127 
  103 129 
   98 129 
   93 129 
   84 128 
   76 123 
   93 125 
   99 125 
  103 125 
  111 124 
  103 125 
   98 125 
   93 125  