   50 162 
   52 191 
   53 220 
   57 249 
   69 275 
   87 296 
  112 312 
  140 321 
  170 322 
  196 316 
  214 300 
  226 280 
  234 257 
  237 232 
  238 205 
  234 182 
  231 159 
   79 151 
   90 134 
  110 127 
  131 127 
  149 137 
  176 136 
  190 129 
  206 126 
  221 129 
  225 144 
  164 152 
  166 168 
  168 184 
  171 201 
  144 208 
  155 212 
  168 217 
  178 213 
  187 209 
  102 160 
  111 153 
  123 153 
  134 159 
  123 161 
  112 162 
  183 158 
  193 150 
  204 150 
  211 156 
  204 159 
  194 159 
  119 241 
  137 233 
  154 231 
  167 233 
  181 231 
  193 232 
  204 240 
  193 256 
  181 260 
  167 260 
  153 259 
  136 254 
  123 240 
  154 237 
  168 238 
  181 237 
  198 239 
  181 248 
  167 250 
  153 248  