  212 334 
  209 380 
  206 428 
  210 477 
  225 522 
  248 564 
  277 600 
  316 627 
  366 635 
  416 627 
  458 603 
  493 572 
  518 536 
  532 495 
  539 452 
  542 409 
  543 364 
  249 296 
  267 273 
  297 268 
  326 277 
  352 293 
  405 298 
  432 287 
  463 285 
  492 296 
  508 322 
  378 328 
  375 357 
  372 387 
  370 418 
  332 426 
  349 435 
  369 443 
  390 436 
  410 430 
  280 328 
  298 318 
  318 321 
  336 334 
  315 336 
  295 334 
  421 340 
  441 331 
  460 333 
  476 346 
  460 349 
  440 346 
  296 477 
  325 463 
  350 462 
  372 465 
  393 463 
  421 468 
  448 483 
  420 514 
  392 526 
  369 528 
  345 525 
  321 511 
  306 479 
  349 473 
  371 476 
  393 475 
  438 484 
  393 506 
  370 507 
  347 503  