   70 111 
   68 127 
   65 144 
   65 162 
   71 178 
   83 191 
   97 202 
  112 210 
  128 213 
  141 210 
  153 202 
  164 193 
  173 182 
  178 170 
  181 156 
  182 143 
  184 131 
   95 111 
  105 106 
  117 106 
  129 110 
  139 118 
  153 121 
  161 117 
  170 115 
  178 117 
  183 123 
  144 125 
  144 134 
  144 144 
  143 154 
  124 153 
  131 156 
  139 160 
  146 159 
  153 156 
  107 119 
  114 118 
  120 120 
  126 123 
  119 123 
  113 122 
  154 127 
  160 124 
  166 125 
  172 127 
  166 129 
  160 128 
  104 163 
  118 163 
  129 165 
  136 167 
  142 167 
  150 167 
  157 168 
  148 178 
  140 181 
  133 182 
  126 180 
  116 176 
  106 164 
  128 166 
  135 168 
  142 168 
  154 169 
  142 177 
  135 177 
  127 176  