   53 105 
   55 115 
   57 125 
   61 135 
   65 145 
   72 154 
   78 162 
   87 168 
   97 169 
  109 165 
  119 158 
  127 149 
  135 138 
  139 127 
  140 113 
  139 100 
  137  86 
   55  99 
   58  94 
   64  93 
   71  93 
   78  94 
   86  91 
   93  86 
  101  83 
  109  82 
  117  85 
   82  98 
   83 107 
   83 116 
   83 125 
   78 127 
   82 129 
   87 130 
   93 127 
   98 123 
   62 103 
   66 101 
   71  99 
   75 100 
   71 102 
   67 103 
   96  96 
  100  93 
  105  92 
  110  92 
  106  94 
  101  95 
   75 139 
   80 137 
   85 136 
   90 136 
   96 134 
  104 132 
  113 132 
  107 140 
   99 145 
   93 146 
   87 147 
   82 145 
   78 139 
   86 140 
   91 140 
   96 138 
  111 133 
   97 139 
   92 141 
   86 140  