   521  908 
   529 1005 
   537 1097 
   555 1195 
   594 1285 
   650 1366 
   720 1439 
   805 1499 
   914 1512 
  1023 1491 
  1113 1433 
  1185 1359 
  1243 1269 
  1272 1167 
  1272 1055 
  1262  944 
  1254  833 
   556  857 
   578  797 
   636  771 
   698  775 
   761  791 
   902  783 
   969  754 
  1039  737 
  1113  750 
  1160  804 
   838  858 
   839  932 
   841 1005 
   843 1080 
   767 1092 
   809 1113 
   859 1130 
   911 1103 
   957 1076 
   640  894 
   674  876 
   713  870 
   756  879 
   714  885 
   676  891 
   956  861 
   997  847 
  1037  842 
  1078  852 
  1039  857 
   999  859 
   695 1178 
   756 1168 
   815 1170 
   871 1173 
   926 1159 
  1000 1144 
  1080 1147 
  1016 1219 
   948 1256 
   890 1266 
   832 1264 
   766 1237 
   720 1183 
   819 1185 
   875 1189 
   931 1176 
  1058 1154 
   941 1220 
   884 1231 
   826 1224  