   95 135 
   94 149 
   95 163 
   97 177 
  102 191 
  109 202 
  120 211 
  133 218 
  148 219 
  165 218 
  179 212 
  190 204 
  198 192 
  203 178 
  205 163 
  205 148 
  204 133 
  103 120 
  110 115 
  120 114 
  130 117 
  140 120 
  153 121 
  163 116 
  174 114 
  185 115 
  193 121 
  146 127 
  147 136 
  147 145 
  147 154 
  136 161 
  141 163 
  147 165 
  154 163 
  160 161 
  112 129 
  118 125 
  125 125 
  132 130 
  125 132 
  117 132 
  163 130 
  169 125 
  177 125 
  184 129 
  177 132 
  170 132 
  125 183 
  133 177 
  141 175 
  147 176 
  154 175 
  162 177 
  171 182 
  162 188 
  155 190 
  148 190 
  141 190 
  133 188 
  129 182 
  141 181 
  148 181 
  154 181 
  167 182 
  154 181 
  148 182 
  141 181  