   74 136 
   75 154 
   78 172 
   82 190 
   90 207 
  102 220 
  118 230 
  137 237 
  156 238 
  171 231 
  181 217 
  188 201 
  194 186 
  196 170 
  197 154 
  196 139 
  194 125 
   92 128 
  100 118 
  113 114 
  127 115 
  139 119 
  158 116 
  167 110 
  178 108 
  188 109 
  192 118 
  150 129 
  151 138 
  153 148 
  155 158 
  136 166 
  145 167 
  153 169 
  161 167 
  167 164 
  107 133 
  115 129 
  122 128 
  129 131 
  122 132 
  115 133 
  162 128 
  169 124 
  176 123 
  182 126 
  176 128 
  170 128 
  119 185 
  133 182 
  145 180 
  152 181 
  159 179 
  168 179 
  177 180 
  168 188 
  161 192 
  154 194 
  146 194 
  134 192 
  123 184 
  146 185 
  153 185 
  160 183 
  173 181 
  160 185 
  153 187 
  146 187  