   86 157 
   87 174 
   88 192 
   91 210 
   97 227 
  107 240 
  121 250 
  138 257 
  159 259 
  179 255 
  196 247 
  212 237 
  222 224 
  227 207 
  229 189 
  229 171 
  229 152 
   96 137 
  103 126 
  116 121 
  130 121 
  142 126 
  166 125 
  178 120 
  192 118 
  206 123 
  213 135 
  155 140 
  155 150 
  156 160 
  156 171 
  142 186 
  149 187 
  157 188 
  164 186 
  171 185 
  111 144 
  118 138 
  127 138 
  136 145 
  127 147 
  118 147 
  174 144 
  181 137 
  191 136 
  198 142 
  191 145 
  182 145 
  127 216 
  138 210 
  149 206 
  157 208 
  165 206 
  176 209 
  188 212 
  176 217 
  165 218 
  157 219 
  149 219 
  138 219 
  131 215 
  149 212 
  157 213 
  165 212 
  184 212 
  165 212 
  157 213 
  149 213  