   68 118 
   69 135 
   70 152 
   73 169 
   80 185 
   88 199 
   99 212 
  115 220 
  133 223 
  152 220 
  166 211 
  176 198 
  184 184 
  190 168 
  193 151 
  194 134 
  194 118 
   77 111 
   82  98 
   95  93 
  108  95 
  120 100 
  145 100 
  158  96 
  171  95 
  183 101 
  187 113 
  133 114 
  134 125 
  134 135 
  135 146 
  119 153 
  127 154 
  134 157 
  142 155 
  148 152 
   92 120 
   98 116 
  106 116 
  113 120 
  105 122 
   98 122 
  152 120 
  158 116 
  166 117 
  172 120 
  166 122 
  159 122 
  104 171 
  117 169 
  126 169 
  133 169 
  140 168 
  148 168 
  160 171 
  149 177 
  141 179 
  133 180 
  126 179 
  117 178 
  108 171 
  126 173 
  133 174 
  140 173 
  156 171 
  140 173 
  133 174 
  126 173  