   51 168 
   51 190 
   52 213 
   58 236 
   67 257 
   80 279 
   95 297 
  111 313 
  133 318 
  159 315 
  181 304 
  201 288 
  219 268 
  232 245 
  238 221 
  241 194 
  241 170 
   57 157 
   64 143 
   80 137 
   97 139 
  112 147 
  142 146 
  162 138 
  184 139 
  204 147 
  218 161 
  127 163 
  126 180 
  124 197 
  122 215 
  105 220 
  115 225 
  126 229 
  139 224 
  151 220 
   71 166 
   81 160 
   93 161 
  105 167 
   93 169 
   81 169 
  158 169 
  171 163 
  184 164 
  195 170 
  184 172 
  171 171 
   90 247 
  104 244 
  118 243 
  130 246 
  143 243 
  162 244 
  182 248 
  165 268 
  145 275 
  131 276 
  118 274 
  104 266 
   96 248 
  118 248 
  130 250 
  143 249 
  177 249 
  144 262 
  131 263 
  118 261  