   29  99 
   34 114 
   39 129 
   45 143 
   55 155 
   70 163 
   88 169 
  106 171 
  122 169 
  133 163 
  140 153 
  144 142 
  146 130 
  146 117 
  145 105 
  142  93 
  138  82 
   52  90 
   60  81 
   71  76 
   83  76 
   94  78 
  109  72 
  115  65 
  123  60 
  131  60 
  137  66 
  104  82 
  107  89 
  110  97 
  114 105 
   99 115 
  106 115 
  113 115 
  118 113 
  123 110 
   67  94 
   73  88 
   80  87 
   87  90 
   81  92 
   74  94 
  114  83 
  119  76 
  125  73 
  131  76 
  127  79 
  121  81 
   83 132 
   95 127 
  106 125 
  114 124 
  120 122 
  129 121 
  137 122 
  132 132 
  125 138 
  118 140 
  110 141 
   97 139 
   87 132 
  107 128 
  115 127 
  122 125 
  134 124 
  123 132 
  116 135 
  108 135  