   68 127 
   67 145 
   68 164 
   71 182 
   78 199 
   89 215 
  103 227 
  119 234 
  137 235 
  155 230 
  170 221 
  185 209 
  196 196 
  204 180 
  207 162 
  209 145 
  209 127 
   77 113 
   86 100 
  101  96 
  116  99 
  130 105 
  142 105 
  154  98 
  170  96 
  184 100 
  193 111 
  136 116 
  136 127 
  136 138 
  136 149 
  116 156 
  125 159 
  135 161 
  145 158 
  155 155 
   92 119 
  100 116 
  109 116 
  118 120 
  109 120 
  100 120 
  155 119 
  163 115 
  171 116 
  179 119 
  171 119 
  163 119 
  100 176 
  113 171 
  126 169 
  135 170 
  144 168 
  155 168 
  168 173 
  156 186 
  145 192 
  135 195 
  126 195 
  113 191 
  104 176 
  126 173 
  135 173 
  144 172 
  164 173 
  145 185 
  135 187 
  126 188  