   59 120 
   57 136 
   56 152 
   57 168 
   61 183 
   71 196 
   85 204 
  101 210 
  118 212 
  134 209 
  148 203 
  160 193 
  168 180 
  173 166 
  174 150 
  175 135 
  176 120 
   70 109 
   78 101 
   89  99 
  101 101 
  111 106 
  131 105 
  141 102 
  151 100 
  161 103 
  167 110 
  121 114 
  120 123 
  120 132 
  120 141 
  107 148 
  113 150 
  119 152 
  126 150 
  131 148 
   82 115 
   89 111 
   97 112 
  104 116 
   97 118 
   89 118 
  135 117 
  143 112 
  150 112 
  156 116 
  151 118 
  143 119 
   93 167 
  103 163 
  113 162 
  119 164 
  126 163 
  135 165 
  144 169 
  135 174 
  125 175 
  118 175 
  111 175 
  102 174 
   96 167 
  112 166 
  119 167 
  126 166 
  140 169 
  126 170 
  118 171 
  112 170  