   55 201 
   58 236 
   61 270 
   70 303 
   89 331 
  117 354 
  148 373 
  182 386 
  217 386 
  244 375 
  261 351 
  275 325 
  286 298 
  292 271 
  294 242 
  291 215 
  288 188 
  100 187 
  116 170 
  140 160 
  166 161 
  189 169 
  214 168 
  231 157 
  251 152 
  270 157 
  280 172 
  206 190 
  211 209 
  217 228 
  223 248 
  183 260 
  200 264 
  217 268 
  230 263 
  241 256 
  126 200 
  141 194 
  154 193 
  168 198 
  155 200 
  141 201 
  227 195 
  242 188 
  254 186 
  266 191 
  255 193 
  242 194 
  151 295 
  175 285 
  198 280 
  213 282 
  227 277 
  242 279 
  255 284 
  243 305 
  231 317 
  216 321 
  200 321 
  177 313 
  158 295 
  198 289 
  214 290 
  228 287 
  247 286 
  229 301 
  215 305 
  199 305  