   58 159 
   58 177 
   58 196 
   62 215 
   69 234 
   80 250 
   92 264 
  107 275 
  126 277 
  147 274 
  165 264 
  182 251 
  194 235 
  203 217 
  206 197 
  206 176 
  206 156 
   66 151 
   76 143 
   89 143 
  102 145 
  113 151 
  128 150 
  142 144 
  156 141 
  171 142 
  183 149 
  120 157 
  119 171 
  118 185 
  117 200 
  101 200 
  110 204 
  120 208 
  131 203 
  141 198 
   76 158 
   85 153 
   93 154 
  103 159 
   93 159 
   84 159 
  143 156 
  152 150 
  161 150 
  171 153 
  162 156 
  153 157 
   89 216 
  100 212 
  111 212 
  121 213 
  132 211 
  146 210 
  162 214 
  147 227 
  134 233 
  122 235 
  112 234 
  101 229 
   92 217 
  111 217 
  122 218 
  133 216 
  158 215 
  133 225 
  122 227 
  112 226  