   91 146 
   91 162 
   92 178 
   95 193 
  100 208 
  109 221 
  122 230 
  138 236 
  156 238 
  172 235 
  186 227 
  197 216 
  203 202 
  207 187 
  209 173 
  209 158 
  208 144 
  103 133 
  110 123 
  123 120 
  136 122 
  148 127 
  157 128 
  167 123 
  179 120 
  190 122 
  197 131 
  153 137 
  154 146 
  155 155 
  156 165 
  142 174 
  148 175 
  155 177 
  162 175 
  167 173 
  117 141 
  122 139 
  129 138 
  136 141 
  129 142 
  122 143 
  166 141 
  173 138 
  180 138 
  186 140 
  180 142 
  173 142 
  130 192 
  140 187 
  148 186 
  155 187 
  161 186 
  169 188 
  177 192 
  169 198 
  161 199 
  155 199 
  148 199 
  140 197 
  133 192 
  148 190 
  155 190 
  161 190 
  174 192 
  161 194 
  155 195 
  148 194  