   56 116 
   55 131 
   56 145 
   57 159 
   60 173 
   68 185 
   80 194 
   94 202 
  110 204 
  127 202 
  142 197 
  156 188 
  165 176 
  170 162 
  173 147 
  175 131 
  176 116 
   63 101 
   70  92 
   82  90 
   94  92 
  105  97 
  119  96 
  131  91 
  143  90 
  154  93 
  161 102 
  112 106 
  112 115 
  112 123 
  112 132 
   99 139 
  105 141 
  111 143 
  118 142 
  124 140 
   76 109 
   83 106 
   90 106 
   97 109 
   89 109 
   83 109 
  128 109 
  135 106 
  142 106 
  148 109 
  142 110 
  135 110 
   84 159 
   94 154 
  103 152 
  109 153 
  117 152 
  126 155 
  136 162 
  126 169 
  117 172 
  109 173 
  102 172 
   93 169 
   87 159 
  103 156 
  109 157 
  117 157 
  133 162 
  117 165 
  109 165 
  103 165  