  159 364 
  167 417 
  176 468 
  195 518 
  225 561 
  263 595 
  307 623 
  355 639 
  410 641 
  462 629 
  506 605 
  542 571 
  567 529 
  580 477 
  578 421 
  571 366 
  567 309 
  190 334 
  203 298 
  238 278 
  279 273 
  316 284 
  387 267 
  426 249 
  467 241 
  506 249 
  529 278 
  359 322 
  364 353 
  370 383 
  375 414 
  329 441 
  354 447 
  380 450 
  404 440 
  425 430 
  238 351 
  261 335 
  286 329 
  312 340 
  290 347 
  265 351 
  413 324 
  438 308 
  462 303 
  483 312 
  467 321 
  441 325 
  307 505 
  338 494 
  363 491 
  382 491 
  402 486 
  428 482 
  466 483 
  435 500 
  411 505 
  391 510 
  372 512 
  345 514 
  318 503 
  364 499 
  383 498 
  404 494 
  455 484 
  408 493 
  387 497 
  368 499  