  173 384 
  169 444 
  165 504 
  170 561 
  190 613 
  227 655 
  282 684 
  343 701 
  414 707 
  477 701 
  521 680 
  553 646 
  572 600 
  583 551 
  590 502 
  593 455 
  595 405 
  249 334 
  281 301 
  329 294 
  375 304 
  415 325 
  450 330 
  487 316 
  527 315 
  565 327 
  578 365 
  432 356 
  434 389 
  437 423 
  440 459 
  382 483 
  406 490 
  429 497 
  451 494 
  471 489 
  296 363 
  318 348 
  342 350 
  363 367 
  340 369 
  315 368 
  470 377 
  495 363 
  520 366 
  538 383 
  519 386 
  494 384 
  328 562 
  369 545 
  403 539 
  427 544 
  451 541 
  477 549 
  502 569 
  474 582 
  449 581 
  424 580 
  398 578 
  367 574 
  341 561 
  401 551 
  426 555 
  450 554 
  491 566 
  449 560 
  425 561 
  400 558  