   55 129 
   57 146 
   60 163 
   63 179 
   70 195 
   79 208 
   90 219 
  104 228 
  121 229 
  138 226 
  152 218 
  166 208 
  177 195 
  184 179 
  187 161 
  188 141 
  188 122 
   63 125 
   70 117 
   81 115 
   93 118 
  104 121 
  124 119 
  136 114 
  147 111 
  159 112 
  169 118 
  115 128 
  115 139 
  115 149 
  116 160 
  102 165 
  109 167 
  117 169 
  125 167 
  132 164 
   76 131 
   83 128 
   91 127 
   99 131 
   91 133 
   83 133 
  134 129 
  141 125 
  149 125 
  156 127 
  149 130 
  142 130 
   91 184 
  101 181 
  110 180 
  117 181 
  125 180 
  135 179 
  146 181 
  135 188 
  126 190 
  118 191 
  110 191 
  102 189 
   95 184 
  110 183 
  117 184 
  125 182 
  142 181 
  125 184 
  117 186 
  110 185  