  141 278 
  143 311 
  147 345 
  155 377 
  174 407 
  202 430 
  233 448 
  264 464 
  297 468 
  328 462 
  352 444 
  373 421 
  390 395 
  401 364 
  404 330 
  403 298 
  400 266 
  160 248 
  172 219 
  199 206 
  228 207 
  256 217 
  283 218 
  309 208 
  337 207 
  362 216 
  375 240 
  277 245 
  279 264 
  281 282 
  283 301 
  249 319 
  266 323 
  283 327 
  300 321 
  316 315 
  199 255 
  211 246 
  225 246 
  240 254 
  226 255 
  212 255 
  311 253 
  324 244 
  339 244 
  352 251 
  340 253 
  325 253 
  228 359 
  250 347 
  269 343 
  285 344 
  301 342 
  321 345 
  340 354 
  322 376 
  305 385 
  288 388 
  271 387 
  251 379 
  234 359 
  270 352 
  286 354 
  301 351 
  333 355 
  303 369 
  287 372 
  271 370  