   80 161 
   81 184 
   82 208 
   87 230 
   99 251 
  116 268 
  138 282 
  160 291 
  184 294 
  206 289 
  224 275 
  239 260 
  250 241 
  257 220 
  259 197 
  260 175 
  258 153 
  101 148 
  114 140 
  132 140 
  148 143 
  164 149 
  192 147 
  206 141 
  220 136 
  235 136 
  245 145 
  178 160 
  179 172 
  181 185 
  182 199 
  160 207 
  170 210 
  181 213 
  191 210 
  200 206 
  120 160 
  130 156 
  140 156 
  151 161 
  140 162 
  130 163 
  200 160 
  211 153 
  222 153 
  231 157 
  222 161 
  211 161 
  139 231 
  156 226 
  170 224 
  180 225 
  189 223 
  203 224 
  217 227 
  204 238 
  192 243 
  182 245 
  172 244 
  156 241 
  144 231 
  170 230 
  181 231 
  190 230 
  212 228 
  191 235 
  181 237 
  171 236  