   71 107 
   73 123 
   74 139 
   77 155 
   83 169 
   94 180 
  108 189 
  124 194 
  140 195 
  156 192 
  168 185 
  179 176 
  185 164 
  188 150 
  189 136 
  189 121 
  189 108 
   85 102 
   94  93 
  107  90 
  122  91 
  135  95 
  144  95 
  155  91 
  167  90 
  178  93 
  184 101 
  140 104 
  141 112 
  142 120 
  143 128 
  126 136 
  133 138 
  141 140 
  148 138 
  154 137 
  101 105 
  108 101 
  116 101 
  123 107 
  115 107 
  108 107 
  151 107 
  158 101 
  165 102 
  172 106 
  166 108 
  158 108 
  112 154 
  124 151 
  133 150 
  140 151 
  146 150 
  154 152 
  162 155 
  153 159 
  146 161 
  139 161 
  132 160 
  123 158 
  116 154 
  133 153 
  140 154 
  146 154 
  159 155 
  146 155 
  139 155 
  133 154  