   75  91 
   73 107 
   72 124 
   73 140 
   78 155 
   86 168 
   97 178 
  111 186 
  127 189 
  142 186 
  153 176 
  162 164 
  169 150 
  174 136 
  177 123 
  178 111 
  178  98 
   91  80 
  101  75 
  112  76 
  122  79 
  132  85 
  148  86 
  156  82 
  165  81 
  173  81 
  177  87 
  139  93 
  140 103 
  140 112 
  140 121 
  123 124 
  130 127 
  137 130 
  143 128 
  149 126 
  101  91 
  108  88 
  115  89 
  122  94 
  114  95 
  107  94 
  150  97 
  157  93 
  163  93 
  169  97 
  163  99 
  157  99 
  104 137 
  117 133 
  128 133 
  136 135 
  142 134 
  150 136 
  157 141 
  149 151 
  141 156 
  133 156 
  125 154 
  114 149 
  107 137 
  128 137 
  135 139 
  142 139 
  153 141 
  141 147 
  134 147 
  126 146  