   64 148 
   65 163 
   65 179 
   68 195 
   74 210 
   84 222 
   97 232 
  112 238 
  130 239 
  147 235 
  162 226 
  175 214 
  185 200 
  190 184 
  191 166 
  188 150 
  186 132 
   70 144 
   74 134 
   84 131 
   96 130 
  107 133 
  121 131 
  132 125 
  144 123 
  156 125 
  166 130 
  115 141 
  116 152 
  116 163 
  117 174 
  106 181 
  113 182 
  120 184 
  127 180 
  134 176 
   80 147 
   87 144 
   94 143 
  101 146 
   94 148 
   87 149 
  134 142 
  141 138 
  148 137 
  155 139 
  149 142 
  142 143 
   99 199 
  108 198 
  116 197 
  122 197 
  129 195 
  139 194 
  150 192 
  140 199 
  131 202 
  124 203 
  117 204 
  109 204 
  103 199 
  116 199 
  123 199 
  129 198 
  147 193 
  130 197 
  123 199 
  117 199  