  273 444 
  263 499 
  254 554 
  259 613 
  284 667 
  323 712 
  370 750 
  421 782 
  480 796 
  534 791 
  577 762 
  617 721 
  647 676 
  669 628 
  682 579 
  686 532 
  689 487 
  346 407 
  383 384 
  429 379 
  475 389 
  515 410 
  557 421 
  592 411 
  629 412 
  661 426 
  676 455 
  531 443 
  529 478 
  529 513 
  528 550 
  456 554 
  484 569 
  515 582 
  545 576 
  571 569 
  390 436 
  418 429 
  441 431 
  465 443 
  440 444 
  416 442 
  570 461 
  598 456 
  620 464 
  637 477 
  616 475 
  593 471 
  401 606 
  445 596 
  483 601 
  509 609 
  535 608 
  563 614 
  590 630 
  555 658 
  526 665 
  499 665 
  472 659 
  439 642 
  412 607 
  481 610 
  507 616 
  533 616 
  579 629 
  530 644 
  503 643 
  477 638  