   50 100 
   51 114 
   53 127 
   55 141 
   61 154 
   70 164 
   82 171 
   97 175 
  112 174 
  125 169 
  134 161 
  142 150 
  147 140 
  149 128 
  150 116 
  151 105 
  150  94 
   61  92 
   69  85 
   79  83 
   89  83 
   99  87 
  115  85 
  124  81 
  132  80 
  141  82 
  146  88 
  109  95 
  110 103 
  111 112 
  112 120 
   99 124 
  104 126 
  111 128 
  116 126 
  121 123 
   75  98 
   81  95 
   87  95 
   94  98 
   88  99 
   81 100 
  118  97 
  124  93 
  130  93 
  135  95 
  131  97 
  125  97 
   87 137 
   96 133 
  104 132 
  110 133 
  116 132 
  123 132 
  131 134 
  124 143 
  118 147 
  111 149 
  104 149 
   95 145 
   90 137 
  105 136 
  111 136 
  117 135 
  127 135 
  117 141 
  111 143 
  104 142  