   35  76 
   37  85 
   38  94 
   41 103 
   46 111 
   52 117 
   61 122 
   69 125 
   79 126 
   88 124 
   95 119 
  102 112 
  107 105 
  110  96 
  110  86 
  109  76 
  108  67 
   42  68 
   46  64 
   52  62 
   59  62 
   65  64 
   76  62 
   82  59 
   88  57 
   95  58 
   99  62 
   71  69 
   72  74 
   73  80 
   73  86 
   66  90 
   70  91 
   74  91 
   78  89 
   82  88 
   50  73 
   53  71 
   57  71 
   62  72 
   58  73 
   54  74 
   81  70 
   85  67 
   89  67 
   93  68 
   90  69 
   86  70 
   58 100 
   65  97 
   71  96 
   75  96 
   79  95 
   85  95 
   92  95 
   86 102 
   81 104 
   77 105 
   72 106 
   66 105 
   61 100 
   71  98 
   75  98 
   80  97 
   90  96 
   80 101 
   76 102 
   71 102  