   79 140 
   81 158 
   83 176 
   86 193 
   93 209 
  105 222 
  119 234 
  134 244 
  151 247 
  167 244 
  182 233 
  195 220 
  206 206 
  213 190 
  216 172 
  217 155 
  218 136 
   91 133 
  101 126 
  114 124 
  127 125 
  139 128 
  153 127 
  167 124 
  181 123 
  194 125 
  204 133 
  147 138 
  148 148 
  148 158 
  148 169 
  132 174 
  140 177 
  148 180 
  156 177 
  164 174 
  106 140 
  114 137 
  122 137 
  130 140 
  122 140 
  114 141 
  165 141 
  174 137 
  182 138 
  190 140 
  182 141 
  174 141 
  114 192 
  126 189 
  139 188 
  147 190 
  157 188 
  169 190 
  182 193 
  170 206 
  157 211 
  148 212 
  138 211 
  126 205 
  118 192 
  139 193 
  148 194 
  157 193 
  178 193 
  157 203 
  147 204 
  138 203  