   51  87 
   50 101 
   50 114 
   52 127 
   59 138 
   69 145 
   82 151 
   94 155 
  106 157 
  117 155 
  125 149 
  135 143 
  142 136 
  148 127 
  150 116 
  150 105 
  150  94 
   68  83 
   74  77 
   83  73 
   92  74 
  102  77 
  120  78 
  128  76 
  136  77 
  142  80 
  145  86 
  111  90 
  111  96 
  112 102 
  113 109 
  100 113 
  106 114 
  112 116 
  117 115 
  122 113 
   78  90 
   84  88 
   90  88 
   95  92 
   90  92 
   84  91 
  121  93 
  126  90 
  131  90 
  136  92 
  131  93 
  126  93 
   87 123 
   97 120 
  106 120 
  111 120 
  116 120 
  122 120 
  129 123 
  122 128 
  116 131 
  110 132 
  105 131 
   97 129 
   91 123 
  106 123 
  111 123 
  116 123 
  127 123 
  116 127 
  111 128 
  106 127  