   707 1211 
   689 1360 
   674 1511 
   682 1665 
   728 1813 
   801 1939 
   905 2042 
  1020 2134 
  1164 2180 
  1323 2186 
  1472 2136 
  1610 2057 
  1718 1953 
  1798 1818 
  1841 1672 
  1865 1520 
  1879 1371 
   839 1157 
   912 1067 
  1031 1037 
  1157 1054 
  1268 1105 
  1373 1130 
  1492 1098 
  1621 1106 
  1738 1169 
  1793 1283 
  1309 1219 
  1296 1308 
  1281 1397 
  1266 1493 
  1109 1521 
  1178 1553 
  1252 1586 
  1331 1575 
  1404 1564 
   948 1202 
  1016 1166 
  1086 1172 
  1157 1230 
  1081 1223 
  1010 1217 
  1448 1276 
  1530 1234 
  1602 1247 
  1663 1301 
  1594 1301 
  1521 1290 
   975 1679 
  1074 1648 
  1172 1648 
  1238 1672 
  1309 1671 
  1406 1701 
  1500 1757 
  1388 1865 
  1283 1896 
  1206 1891 
  1131 1869 
  1046 1804 
  1004 1686 
  1164 1689 
  1232 1708 
  1302 1713 
  1465 1754 
  1291 1815 
  1217 1811 
  1148 1789  