   58 152 
   61 172 
   65 191 
   70 210 
   80 227 
   95 240 
  113 251 
  132 257 
  151 258 
  169 253 
  183 242 
  195 227 
  202 210 
  206 191 
  207 173 
  206 155 
  203 138 
   74 143 
   82 132 
   95 127 
  110 126 
  124 129 
  148 126 
  161 122 
  174 120 
  186 122 
  193 130 
  139 141 
  140 153 
  142 164 
  144 177 
  127 185 
  136 186 
  145 187 
  153 184 
  160 181 
   90 149 
   98 145 
  107 144 
  116 147 
  108 148 
   99 149 
  157 142 
  166 137 
  174 137 
  182 139 
  175 141 
  166 142 
  112 206 
  125 201 
  137 198 
  146 199 
  154 197 
  164 196 
  175 199 
  167 211 
  157 217 
  148 219 
  139 219 
  126 216 
  117 206 
  138 203 
  146 202 
  154 201 
  171 200 
  156 207 
  147 209 
  138 210  