  212 342 
  215 392 
  217 443 
  227 494 
  250 539 
  287 576 
  331 607 
  379 630 
  430 637 
  478 626 
  512 595 
  539 557 
  563 515 
  575 469 
  579 422 
  576 376 
  574 334 
  262 309 
  285 276 
  325 259 
  369 263 
  408 281 
  448 282 
  480 265 
  518 260 
  551 274 
  563 308 
  428 314 
  432 344 
  435 375 
  439 408 
  384 421 
  409 429 
  436 437 
  459 429 
  480 422 
  304 319 
  325 309 
  346 308 
  368 322 
  346 322 
  324 321 
  472 324 
  495 310 
  516 310 
  534 321 
  517 323 
  495 323 
  329 467 
  372 459 
  408 460 
  432 465 
  455 462 
  482 462 
  510 471 
  481 505 
  456 516 
  430 518 
  404 514 
  368 501 
  338 467 
  407 463 
  433 469 
  456 465 
  503 471 
  454 500 
  430 504 
  404 499  