   48 143 
   51 165 
   54 187 
   59 209 
   70 226 
   85 240 
  105 251 
  125 257 
  144 257 
  159 251 
  169 240 
  177 223 
  184 206 
  189 188 
  191 170 
  189 152 
  185 137 
   79 130 
   89 119 
  104 113 
  120 112 
  134 117 
  150 116 
  160 111 
  170 109 
  179 111 
  184 120 
  143 131 
  146 141 
  150 152 
  153 163 
  126 172 
  137 174 
  149 176 
  159 173 
  167 169 
   94 138 
  102 133 
  110 132 
  119 136 
  111 138 
  103 138 
  152 132 
  159 126 
  167 126 
  174 130 
  168 131 
  160 132 
  105 198 
  122 190 
  138 187 
  149 188 
  157 186 
  168 186 
  175 192 
  167 205 
  158 211 
  149 213 
  137 213 
  122 209 
  110 198 
  138 192 
  149 192 
  158 190 
  170 193 
  157 202 
  148 204 
  137 205  