   63 134 
   65 153 
   67 172 
   70 192 
   79 208 
   91 222 
  105 234 
  121 242 
  138 245 
  155 242 
  171 232 
  184 219 
  194 204 
  201 187 
  203 169 
  203 152 
  204 134 
   78 126 
   86 115 
   98 110 
  112 111 
  123 117 
  142 117 
  155 112 
  168 111 
  181 116 
  189 127 
  133 129 
  134 140 
  134 152 
  135 165 
  118 169 
  126 171 
  134 174 
  143 171 
  150 169 
   92 130 
  100 127 
  108 127 
  115 132 
  107 131 
  100 131 
  152 132 
  159 127 
  167 127 
  175 131 
  167 131 
  160 131 
  104 188 
  114 182 
  125 181 
  135 183 
  144 181 
  155 183 
  166 188 
  156 199 
  145 203 
  135 204 
  125 203 
  115 198 
  107 188 
  125 185 
  135 187 
  144 186 
  162 187 
  145 195 
  135 196 
  125 194  