   67 185 
   69 208 
   72 229 
   77 252 
   86 271 
  102 287 
  122 298 
  145 305 
  168 305 
  188 300 
  204 287 
  217 270 
  226 251 
  229 231 
  232 212 
  232 193 
  232 174 
   87 169 
   98 159 
  114 153 
  131 154 
  148 158 
  169 156 
  182 151 
  197 149 
  211 153 
  219 164 
  160 169 
  162 182 
  165 196 
  167 210 
  146 218 
  155 221 
  165 224 
  173 221 
  180 217 
  106 175 
  115 169 
  126 169 
  136 175 
  126 176 
  116 177 
  178 174 
  187 168 
  197 168 
  206 172 
  198 175 
  188 175 
  122 243 
  138 237 
  154 236 
  164 237 
  174 235 
  187 236 
  199 240 
  188 254 
  176 261 
  165 263 
  154 262 
  137 257 
  126 243 
  154 242 
  164 242 
  174 241 
  194 241 
  175 250 
  164 252 
  154 251  