  250 406 
  252 454 
  255 505 
  266 555 
  285 603 
  312 648 
  347 690 
  388 721 
  442 732 
  498 724 
  546 696 
  587 658 
  620 613 
  639 561 
  645 504 
  644 449 
  643 396 
  276 381 
  292 355 
  324 347 
  356 352 
  388 364 
  466 356 
  501 339 
  537 332 
  573 338 
  597 364 
  427 395 
  427 428 
  428 461 
  428 494 
  386 505 
  408 513 
  432 521 
  456 512 
  478 505 
  316 408 
  336 402 
  357 401 
  379 407 
  357 412 
  336 412 
  487 403 
  510 396 
  532 394 
  553 400 
  533 405 
  511 406 
  356 564 
  384 550 
  411 548 
  433 550 
  457 547 
  489 547 
  524 560 
  491 596 
  460 610 
  434 614 
  410 612 
  383 598 
  366 565 
  410 561 
  433 563 
  457 560 
  514 560 
  458 586 
  434 591 
  411 588  