   33  93 
   33 108 
   34 124 
   36 139 
   42 153 
   51 165 
   62 176 
   74 184 
   90 186 
  104 184 
  116 174 
  126 163 
  134 151 
  139 138 
  142 123 
  143 109 
  144  94 
   44  89 
   51  83 
   61  83 
   71  85 
   80  90 
  103  89 
  112  85 
  122  84 
  131  85 
  137  92 
   92  99 
   92 109 
   92 118 
   92 128 
   77 130 
   84 132 
   91 135 
   99 132 
  106 130 
   56  98 
   63  95 
   70  95 
   76 100 
   69 101 
   62 100 
  106 101 
  113  96 
  120  96 
  126 100 
  120 102 
  113 102 
   60 139 
   71 138 
   83 140 
   91 141 
   99 140 
  109 139 
  119 140 
  109 154 
   99 159 
   90 160 
   82 158 
   70 152 
   64 140 
   83 142 
   91 144 
   99 143 
  115 141 
   99 152 
   91 153 
   82 152  