  197 394 
  200 456 
  202 519 
  209 580 
  233 634 
  274 677 
  324 710 
  382 728 
  441 732 
  494 720 
  538 691 
  572 650 
  598 601 
  610 546 
  614 492 
  615 438 
  618 383 
  257 361 
  285 330 
  328 322 
  372 326 
  413 341 
  473 344 
  507 333 
  544 331 
  578 341 
  597 370 
  446 382 
  450 416 
  453 451 
  457 487 
  398 498 
  422 507 
  450 516 
  474 509 
  494 499 
  306 388 
  331 378 
  357 378 
  382 392 
  356 395 
  330 394 
  489 395 
  515 383 
  539 384 
  558 396 
  539 400 
  515 399 
  352 560 
  390 547 
  424 544 
  448 549 
  468 545 
  489 548 
  513 563 
  487 587 
  466 594 
  445 596 
  420 595 
  388 588 
  361 558 
  423 555 
  447 559 
  468 557 
  503 562 
  466 571 
  446 573 
  422 571  