   73 126 
   73 141 
   74 157 
   76 172 
   81 187 
   88 200 
   98 210 
  112 218 
  128 220 
  143 218 
  156 211 
  166 201 
  174 188 
  178 174 
  181 159 
  183 143 
  183 128 
   82 118 
   89 112 
   99 111 
  108 115 
  117 120 
  140 120 
  150 115 
  159 112 
  168 112 
  174 119 
  129 129 
  129 139 
  128 149 
  128 160 
  115 164 
  121 166 
  128 168 
  134 166 
  141 164 
   93 127 
   99 123 
  107 124 
  113 129 
  106 131 
   99 131 
  144 130 
  150 124 
  158 124 
  164 128 
  158 131 
  151 131 
  104 183 
  113 179 
  121 178 
  128 179 
  135 178 
  143 180 
  151 184 
  143 190 
  135 192 
  128 192 
  121 192 
  112 190 
  108 183 
  121 183 
  128 184 
  135 183 
  148 184 
  135 184 
  128 185 
  121 184  