  170 336 
  167 388 
  167 440 
  169 494 
  178 546 
  200 593 
  234 633 
  280 664 
  339 675 
  398 669 
  449 644 
  490 608 
  519 565 
  534 514 
  541 460 
  543 408 
  545 355 
  209 314 
  226 287 
  258 277 
  290 283 
  318 300 
  382 302 
  415 289 
  448 289 
  479 301 
  497 327 
  348 341 
  346 375 
  344 410 
  343 445 
  306 455 
  323 465 
  343 474 
  364 465 
  382 455 
  244 343 
  264 331 
  287 334 
  308 350 
  285 353 
  261 351 
  394 355 
  417 341 
  440 340 
  459 353 
  441 359 
  418 359 
  266 509 
  298 501 
  324 500 
  345 504 
  366 500 
  392 500 
  423 509 
  392 530 
  366 538 
  343 540 
  322 539 
  295 532 
  278 511 
  323 514 
  344 517 
  366 513 
  412 510 
  367 518 
  344 521 
  323 519  