   94 143 
   93 159 
   92 176 
   94 193 
  100 209 
  110 222 
  123 234 
  138 243 
  154 245 
  171 243 
  185 235 
  196 224 
  206 211 
  212 195 
  214 178 
  213 162 
  212 147 
  108 137 
  115 131 
  126 128 
  137 129 
  146 134 
  163 133 
  173 129 
  185 128 
  196 131 
  203 139 
  155 142 
  155 152 
  154 161 
  154 171 
  141 177 
  147 179 
  155 182 
  162 180 
  169 178 
  119 143 
  126 141 
  133 141 
  140 144 
  133 144 
  126 144 
  169 145 
  177 142 
  184 142 
  191 144 
  184 145 
  177 145 
  127 194 
  137 191 
  147 190 
  155 192 
  164 191 
  174 192 
  183 196 
  174 208 
  163 212 
  155 213 
  146 212 
  136 206 
  130 195 
  147 193 
  155 195 
  163 194 
  180 196 
  163 204 
  155 205 
  146 203  