   65 127 
   64 145 
   66 164 
   68 182 
   72 199 
   80 215 
   92 227 
  108 235 
  127 236 
  146 234 
  161 226 
  173 214 
  182 199 
  187 183 
  190 166 
  191 148 
  191 130 
   79 122 
   87 116 
   99 115 
  110 117 
  120 122 
  138 122 
  148 119 
  159 117 
  170 119 
  178 125 
  129 131 
  128 143 
  128 154 
  127 167 
  113 170 
  119 173 
  127 175 
  135 173 
  143 170 
   90 132 
   98 129 
  105 130 
  113 134 
  105 135 
   97 135 
  145 135 
  153 132 
  160 133 
  167 136 
  160 138 
  153 137 
  102 188 
  112 184 
  121 183 
  128 184 
  136 183 
  145 185 
  156 189 
  145 196 
  136 198 
  128 199 
  120 198 
  112 196 
  105 188 
  121 187 
  128 188 
  136 187 
  152 189 
  136 192 
  128 193 
  120 192  