   51 151 
   50 173 
   50 197 
   51 220 
   59 240 
   75 256 
   93 268 
  114 277 
  136 279 
  155 273 
  170 260 
  182 245 
  192 227 
  199 209 
  201 190 
  202 171 
  201 153 
   79 135 
   92 127 
  108 126 
  124 129 
  139 136 
  151 137 
  163 133 
  176 131 
  188 134 
  196 141 
  145 145 
  147 158 
  148 172 
  150 186 
  127 193 
  136 195 
  146 198 
  155 196 
  162 193 
   98 144 
  107 143 
  115 143 
  123 148 
  114 147 
  106 147 
  159 148 
  167 144 
  175 144 
  182 147 
  175 149 
  167 149 
  100 211 
  119 210 
  135 209 
  144 210 
  152 209 
  162 209 
  171 212 
  161 224 
  151 229 
  142 230 
  132 230 
  117 226 
  104 212 
  134 213 
  143 214 
  152 212 
  167 212 
  151 221 
  143 223 
  133 223  