   93 151 
   93 168 
   95 184 
   98 201 
  103 216 
  112 230 
  124 241 
  139 249 
  156 250 
  173 247 
  186 238 
  197 226 
  205 212 
  209 197 
  211 181 
  211 164 
  211 148 
  101 143 
  109 135 
  121 134 
  132 136 
  144 141 
  163 140 
  174 135 
  185 132 
  196 133 
  204 141 
  154 151 
  154 163 
  154 175 
  154 188 
  139 191 
  146 193 
  154 196 
  162 193 
  169 190 
  114 154 
  121 151 
  129 151 
  137 155 
  129 157 
  121 157 
  169 154 
  176 150 
  184 149 
  191 152 
  185 155 
  177 155 
  125 209 
  137 208 
  147 208 
  154 210 
  161 208 
  171 208 
  183 208 
  172 217 
  162 220 
  155 221 
  147 221 
  136 217 
  129 210 
  146 213 
  154 214 
  161 213 
  179 210 
  162 213 
  154 214 
  147 213  