  269 444 
  269 511 
  276 578 
  284 644 
  306 705 
  343 758 
  392 802 
  444 835 
  508 847 
  570 843 
  622 813 
  671 773 
  708 720 
  731 656 
  741 587 
  747 520 
  748 451 
  309 425 
  328 378 
  375 363 
  424 367 
  468 386 
  541 377 
  589 354 
  639 350 
  688 369 
  708 418 
  506 437 
  505 482 
  504 527 
  502 574 
  450 591 
  475 600 
  502 610 
  529 602 
  555 595 
  364 446 
  390 430 
  421 432 
  450 453 
  420 457 
  388 455 
  563 450 
  590 427 
  621 427 
  648 442 
  626 453 
  594 455 
  414 661 
  440 649 
  471 650 
  500 657 
  531 651 
  567 656 
  599 671 
  570 707 
  534 718 
  501 720 
  469 715 
  437 699 
  425 661 
  471 662 
  500 669 
  532 665 
  588 668 
  533 686 
  500 687 
  471 682  