   30  84 
   31  97 
   30 111 
   32 124 
   38 136 
   46 145 
   57 153 
   68 158 
   81 160 
   94 159 
  106 155 
  117 148 
  126 139 
  133 128 
  135 114 
  136 101 
  137  88 
   43  75 
   48  66 
   58  63 
   69  64 
   78  69 
   88  69 
   98  64 
  108  63 
  118  68 
  124  77 
   83  77 
   83  85 
   83  93 
   83 101 
   69 103 
   76 106 
   82 108 
   89 107 
   96 105 
   54  79 
   60  77 
   65  77 
   71  80 
   65  80 
   60  80 
   97  81 
  102  78 
  108  79 
  113  81 
  108  81 
  102  81 
   58 114 
   67 112 
   76 112 
   82 113 
   88 113 
   96 113 
  106 116 
   96 123 
   88 125 
   81 125 
   74 124 
   66 121 
   61 114 
   75 114 
   82 115 
   88 115 
  103 116 
   88 120 
   81 121 
   75 120  