   37  66 
   36  76 
   35  86 
   37  97 
   41 106 
   48 114 
   56 121 
   65 126 
   75 128 
   85 126 
   93 120 
   99 113 
  105 105 
  109  96 
  110  86 
  110  77 
  109  68 
   45  62 
   50  58 
   58  58 
   65  60 
   71  62 
   81  63 
   87  61 
   93  59 
   99  60 
  103  63 
   76  67 
   76  73 
   76  79 
   76  85 
   66  87 
   70  89 
   75  90 
   80  89 
   85  87 
   53  67 
   57  66 
   61  66 
   65  68 
   61  68 
   57  68 
   84  68 
   88  67 
   92  67 
   96  68 
   92  69 
   88  69 
   57  95 
   64  93 
   70  94 
   75  95 
   80  94 
   86  94 
   92  95 
   86 102 
   80 105 
   75 105 
   70 104 
   63 102 
   59  96 
   70  96 
   75  97 
   80  96 
   90  96 
   80 101 
   75 101 
   70 100  