   27 104 
   25 117 
   25 130 
   26 144 
   29 159 
   35 172 
   43 186 
   53 197 
   67 200 
   85 200 
  102 193 
  118 184 
  130 171 
  137 155 
  140 138 
  142 120 
  143 102 
   30  94 
   35  90 
   43  89 
   52  90 
   59  93 
   68  93 
   79  90 
   92  90 
  104  92 
  114  99 
   63  99 
   62 108 
   61 116 
   59 126 
   51 132 
   55 135 
   62 138 
   69 135 
   77 133 
   37 100 
   42  97 
   48  97 
   54  99 
   47 100 
   42 100 
   82 100 
   88  97 
   94  98 
  101 101 
   94 101 
   88 101 
   46 153 
   51 149 
   58 147 
   64 148 
   71 147 
   83 149 
   95 153 
   83 159 
   72 161 
   65 161 
   59 161 
   52 158 
   49 153 
   58 152 
   64 153 
   71 152 
   91 153 
   72 154 
   65 154 
   59 153  