   28  72 
   29  81 
   30  89 
   31  97 
   35 105 
   41 111 
   48 115 
   56 120 
   64 121 
   72 119 
   80 114 
   87 108 
   94 102 
   97  94 
   98  84 
   98  75 
   97  66 
   31  68 
   34  63 
   39  61 
   45  61 
   51  62 
   61  61 
   68  58 
   75  57 
   82  58 
   87  62 
   57  67 
   57  72 
   57  77 
   57  82 
   51  85 
   54  86 
   59  87 
   63  85 
   67  84 
   39  69 
   42  67 
   46  66 
   50  68 
   46  69 
   42  69 
   67  67 
   71  64 
   75  64 
   79  65 
   75  66 
   71  67 
   46  95 
   51  93 
   56  92 
   60  92 
   65  91 
   71  91 
   78  92 
   72  99 
   66 103 
   61 103 
   57 103 
   52 101 
   48  95 
   57  93 
   61  93 
   65  92 
   76  93 
   65  98 
   61  99 
   57  99  