  32 50 
  31 56 
  31 64 
  33 71 
  35 78 
  38 84 
  43 89 
  50 92 
  57 93 
  64 91 
  70 88 
  75 82 
  78 76 
  80 69 
  81 62 
  81 55 
  80 48 
  38 41 
  42 39 
  46 39 
  51 40 
  55 42 
  60 42 
  64 40 
  68 39 
  72 39 
  76 41 
  57 44 
  57 48 
  57 51 
  57 56 
  51 58 
  54 60 
  57 61 
  60 60 
  62 58 
  43 45 
  45 44 
  48 44 
  50 45 
  48 45 
  45 46 
  63 45 
  66 44 
  69 44 
  71 45 
  69 45 
  66 45 
  47 68 
  51 66 
  54 66 
  57 66 
  60 65 
  63 66 
  67 67 
  63 70 
  60 70 
  57 70 
  54 70 
  51 70 
  48 68 
  54 68 
  57 68 
  60 67 
  65 67 
  60 67 
  57 67 
  54 67  