   89 162 
   89 181 
   89 201 
   92 220 
   99 239 
  109 255 
  125 269 
  144 277 
  165 281 
  185 276 
  201 264 
  214 249 
  225 233 
  231 215 
  233 196 
  232 177 
  231 158 
  104 159 
  114 148 
  129 143 
  144 144 
  159 149 
  175 148 
  186 143 
  200 142 
  213 146 
  221 155 
  167 160 
  167 172 
  167 184 
  167 197 
  149 201 
  158 204 
  167 207 
  176 204 
  184 201 
  123 161 
  131 157 
  140 157 
  149 162 
  140 162 
  131 162 
  182 162 
  190 156 
  199 156 
  206 160 
  199 161 
  190 161 
  134 217 
  147 213 
  158 213 
  167 214 
  176 213 
  186 213 
  196 216 
  186 226 
  176 232 
  166 233 
  157 232 
  146 228 
  138 217 
  158 216 
  167 217 
  176 216 
  193 216 
  176 225 
  167 226 
  157 225  