   79 176 
   78 199 
   77 222 
   81 245 
   92 264 
  110 279 
  130 289 
  152 297 
  174 299 
  192 295 
  206 284 
  219 271 
  228 255 
  235 236 
  238 217 
  237 199 
  237 181 
  110 161 
  123 153 
  140 152 
  155 155 
  170 163 
  186 164 
  199 159 
  212 157 
  224 160 
  230 170 
  179 175 
  180 187 
  181 199 
  182 212 
  159 216 
  169 220 
  178 224 
  187 222 
  194 218 
  127 175 
  136 171 
  145 172 
  153 176 
  144 178 
  135 177 
  192 179 
  201 175 
  210 176 
  217 180 
  210 182 
  201 182 
  138 238 
  153 232 
  166 232 
  176 233 
  185 233 
  195 235 
  204 241 
  193 252 
  184 255 
  174 255 
  163 254 
  151 249 
  141 238 
  166 235 
  175 237 
  185 237 
  200 241 
  184 246 
  174 246 
  164 245  